-2.317681420257885604e-03
-8.569274517958018911e-04
-1.587304436026843639e-03
-2.317681420257885604e-03
-8.569274517958018911e-04
-3.048058404488927786e-03
-1.587304436026843639e-03
-1.587304436026843639e-03
-1.587304436026843639e-03
-1.265504675647600075e-04
-1.265504675647600075e-04
-1.587304436026843856e-03
-1.265504675647600075e-04
-1.587304436026843639e-03
-3.048058404488927786e-03
-3.048058404488927786e-03
-3.778435388719969534e-03
-3.778435388719969534e-03
-3.778435388719969534e-03
-1.587304436026843639e-03
-2.317681420257886038e-03
-3.048058404488927786e-03
-3.778435388719969534e-03
-2.317681420257885604e-03
-3.048058404488927786e-03
-3.048058404488927786e-03
-3.048058404488927786e-03
-3.048058404488927786e-03
-1.587304436026843856e-03
-1.587304436026843856e-03
-1.265504675647600075e-04
-1.265504675647600075e-04
-1.265504675647600075e-04
-1.265504675647600075e-04
-1.265504675647600075e-04
-1.265504675647600075e-04
-1.265504675647600075e-04
-1.265504675647600075e-04
2.064580485128365752e-03
3.712267572821838224e-02
5.903398525514964856e-02
6.049473922361172512e-02
5.903398525514964856e-02
6.049473922361172512e-02
5.903398525514964856e-02
5.903398525514964856e-02
6.049473922361172512e-02
5.903398525514964856e-02
5.976436223938068337e-02
6.122511620784276687e-02
5.903398525514964856e-02
5.976436223938068337e-02
6.122511620784276687e-02
5.830360827091860682e-02
5.830360827091860682e-02
5.830360827091860682e-02
5.830360827091860682e-02
5.830360827091860682e-02
5.830360827091860682e-02
5.903398525514964856e-02
5.976436223938068337e-02
5.903398525514964856e-02
5.830360827091860682e-02
5.830360827091860682e-02
5.830360827091860682e-02
5.830360827091860682e-02
5.757323128668756507e-02
5.830360827091860682e-02
5.392134636553236327e-02
5.246059239707027977e-02
4.369606858629779961e-02
3.274041382283209706e-02
2.178475905936649859e-02
1.521136620128714020e-02
1.082910429590079951e-02
7.177219374745668831e-03
7.177219374745668831e-03
5.716465406283581865e-03
6.446842390514626216e-03
1.174641439936330023e-01
1.181945209778640093e-01
1.181945209778640093e-01
1.181945209778640093e-01
1.189248979620949748e-01
1.181945209778640093e-01
1.189248979620950025e-01
1.174641439936329884e-01
1.181945209778640093e-01
1.189248979620950025e-01
1.181945209778639816e-01
1.189248979620950025e-01
1.196552749463259957e-01
1.174641439936329884e-01
1.167337670094019952e-01
1.167337670094019952e-01
1.167337670094019952e-01
1.167337670094019952e-01
1.167337670094019952e-01
1.167337670094019952e-01
1.174641439936329884e-01
1.196552749463259957e-01
1.167337670094019952e-01
1.167337670094019952e-01
1.181945209778639816e-01
1.174641439936329884e-01
1.160033900251707939e-01
1.167337670094019952e-01
1.145426360567084051e-01
1.108907511355529951e-01
1.035869812932429940e-01
8.824906462439137400e-02
6.487700112899803806e-02
4.150493763360464661e-02
2.689739794898377695e-02
1.740249715398025504e-02
1.302023524859397853e-02
1.082910429590079951e-02
8.637973343207722837e-03
7.656303287669444235e-02
1.758943027321159813e-01
1.766246797163470161e-01
1.780854336848090025e-01
1.758943027321159813e-01
1.773550567005780232e-01
1.758943027321159813e-01
1.780854336848090025e-01
1.766246797163470161e-01
1.766246797163470161e-01
1.788158106690400095e-01
1.780854336848090025e-01
1.780854336848090025e-01
1.773550567005780232e-01
1.751639257478850020e-01
1.766246797163470161e-01
1.751639257478850020e-01
1.766246797163470161e-01
1.751639257478850020e-01
1.758943027321159813e-01
1.758943027321159813e-01
1.780854336848090580e-01
1.758943027321159813e-01
1.751639257478850020e-01
1.751639257478850020e-01
1.758943027321159813e-01
1.751639257478850020e-01
1.758943027321159813e-01
1.751639257478850020e-01
1.722424178109610016e-01
1.656690249528814385e-01
1.569045011421089930e-01
1.335324376467156016e-01
9.774396541939484040e-02
5.903398525514967632e-02
3.712267572821838224e-02
2.470626699629065864e-02
1.886325112244233854e-02
1.448098921705610019e-02
1.448098921705610019e-02
1.926929733694303370e-01
2.372459694075240155e-01
2.372459694075240155e-01
2.372459694075240155e-01
2.387067233759860019e-01
2.365155924232929807e-01
2.379763463917549671e-01
2.379763463917549671e-01
2.379763463917549671e-01
2.379763463917549671e-01
2.387067233759860019e-01
2.372459694075240155e-01
2.379763463917549671e-01
2.379763463917549671e-01
2.372459694075240155e-01
2.365155924232929807e-01
2.372459694075240155e-01
2.372459694075240155e-01
2.372459694075240155e-01
2.372459694075240155e-01
2.372459694075240155e-01
2.387067233759860019e-01
2.365155924232929807e-01
2.372459694075240155e-01
2.365155924232929807e-01
2.372459694075240155e-01
2.365155924232929807e-01
2.372459694075240155e-01
2.343244614706000151e-01
2.306725765494442304e-01
2.233688067071339933e-01
2.087612670225130196e-01
1.773550567005782175e-01
1.254982908201741909e-01
7.291114795553950423e-02
4.369606858629777879e-02
2.908852890167689526e-02
2.105438207513545684e-02
1.813287413821130026e-02
7.072001700284627490e-02
2.964065051302380294e-01
2.978672590987000435e-01
2.964065051302380294e-01
2.978672590987000435e-01
2.978672590987000435e-01
2.964065051302380294e-01
2.971368821144689809e-01
2.985976360829309950e-01
2.971368821144689809e-01
2.985976360829310505e-01
2.978672590987000435e-01
2.964065051302380294e-01
2.985976360829310505e-01
2.978672590987000435e-01
2.956761281460070223e-01
2.956761281460070223e-01
2.956761281460070223e-01
2.956761281460070223e-01
2.964065051302380294e-01
2.971368821144689809e-01
2.971368821144690364e-01
2.956761281460070223e-01
2.956761281460070223e-01
2.956761281460070223e-01
2.971368821144689809e-01
2.956761281460070223e-01
2.956761281460070223e-01
2.949457511617760153e-01
2.920242432248519870e-01
2.876419813194660557e-01
2.766863265559999507e-01
2.547750170290686289e-01
2.131435289278993950e-01
1.459488463786434154e-01
8.021491779784990783e-02
4.661757652322193884e-02
3.274041382283209706e-02
2.470626699629065864e-02
2.032400509090441509e-02
2.197169217859791246e-01
3.570277948214150010e-01
3.570277948214150010e-01
3.548366638687219243e-01
3.555670408529529869e-01
3.555670408529529314e-01
3.555670408529530424e-01
3.555670408529529869e-01
3.562974178371840495e-01
3.570277948214150010e-01
3.555670408529530424e-01
3.555670408529529869e-01
3.548366638687220354e-01
3.570277948214150010e-01
3.555670408529529314e-01
3.541062868844909728e-01
3.541062868844909728e-01
3.548366638687220354e-01
3.541062868844909728e-01
3.555670408529529869e-01
3.548366638687220354e-01
3.555670408529530424e-01
3.548366638687220354e-01
3.541062868844909728e-01
3.548366638687219798e-01
3.541062868844909728e-01
3.541062868844909728e-01
3.541062868844909728e-01
3.541062868844909728e-01
3.504544019633351604e-01
3.431506321210250343e-01
3.292734694206351787e-01
2.985976360829311615e-01
2.438193622656030235e-01
1.576348781263400001e-01
8.459717970323608893e-02
5.026946144437716146e-02
3.566192175975628487e-02
2.616702096475274214e-02
2.251513604359754034e-02
4.176490845125909734e-01
4.183794614968220360e-01
4.176490845125909734e-01
4.176490845125909734e-01
4.183794614968220360e-01
4.169187075283599664e-01
4.176490845125909734e-01
4.183794614968220360e-01
4.161883305441289593e-01
4.176490845125909734e-01
4.191098384810530431e-01
4.176490845125909734e-01
4.183794614968220360e-01
4.176490845125909734e-01
4.161883305441289593e-01
4.161883305441289593e-01
4.176490845125909734e-01
4.161883305441289593e-01
4.161883305441289593e-01
4.169187075283599664e-01
4.169187075283599664e-01
4.176490845125909734e-01
4.161883305441289593e-01
4.161883305441289593e-01
4.176490845125909734e-01
4.161883305441289593e-01
4.161883305441289593e-01
4.161883305441289593e-01
4.147275765756669452e-01
4.088845607018189443e-01
3.993896599068150199e-01
3.796694813325771634e-01
3.409595011683317911e-01
2.686521797294587621e-01
1.663994019371123900e-01
8.532755668746709599e-02
5.099983842860820321e-02
3.712267572821838224e-02
2.981890588590793700e-02
2.065701360698202205e-01
4.782703742037680006e-01
4.782703742037680006e-01
4.782703742037680006e-01
4.782703742037680006e-01
4.782703742037680006e-01
4.775399972195369935e-01
4.775399972195369935e-01
4.782703742037680006e-01
4.782703742037680006e-01
4.782703742037680006e-01
4.782703742037680006e-01
4.782703742037680006e-01
4.782703742037680006e-01
4.775399972195369935e-01
4.768096202353060420e-01
4.768096202353059310e-01
4.775399972195369935e-01
4.775399972195369935e-01
4.768096202353060420e-01
4.775399972195370490e-01
4.782703742037680006e-01
4.775399972195369935e-01
4.753488662668439169e-01
4.768096202353060420e-01
4.775399972195369935e-01
4.768096202353059310e-01
4.768096202353059310e-01
4.760792432510750349e-01
4.724273583299199442e-01
4.651235884876089299e-01
4.548983107083744426e-01
4.256832313391328282e-01
3.752872194271907880e-01
2.839900963983105764e-01
1.649386479686504037e-01
8.240604875054297063e-02
5.173021541283924496e-02
3.785305271244941705e-02
3.054928287013897875e-02
4.337173781656741278e-01
5.367005329422509519e-01
5.367005329422509519e-01
5.359701559580198893e-01
5.367005329422509519e-01
5.345094019895578752e-01
5.367005329422509519e-01
5.367005329422509519e-01
5.352397789737889378e-01
5.367005329422509519e-01
5.367005329422509519e-01
5.367005329422509519e-01
5.359701559580198893e-01
5.367005329422509519e-01
5.337790250053269236e-01
5.352397789737889378e-01
5.345094019895578752e-01
5.352397789737889378e-01
5.337790250053269236e-01
5.352397789737889378e-01
5.352397789737889378e-01
5.367005329422509519e-01
5.345094019895578752e-01
5.352397789737889378e-01
5.345094019895578752e-01
5.352397789737889378e-01
5.337790250053269236e-01
5.345094019895578752e-01
5.315878940526339580e-01
5.293967630999409923e-01
5.199018623049372900e-01
5.023728146833923436e-01
4.665843424560712771e-01
3.986592829225840129e-01
2.883723583036970073e-01
1.539829932051847983e-01
7.729340986092574084e-02
5.099983842860820321e-02
3.931380668091152136e-02
1.444880924101816233e-01
5.987825766018900486e-01
5.980521996176590971e-01
5.987825766018900486e-01
5.973218226334280345e-01
5.980521996176590971e-01
5.980521996176590971e-01
5.987825766018900486e-01
5.987825766018900486e-01
5.965914456491969720e-01
5.987825766018900486e-01
5.987825766018900486e-01
5.987825766018900486e-01
5.987825766018900486e-01
5.980521996176590971e-01
5.973218226334280345e-01
5.980521996176590971e-01
5.965914456491969720e-01
5.973218226334280345e-01
5.973218226334280345e-01
5.980521996176590971e-01
5.965914456491969720e-01
5.980521996176590971e-01
5.958610686649660204e-01
5.958610686649660204e-01
5.965914456491969720e-01
5.965914456491969720e-01
5.973218226334280345e-01
5.965914456491969720e-01
5.936699377122730548e-01
5.878269218384242212e-01
5.761408900907275532e-01
5.527688265953344393e-01
5.052943226203165938e-01
4.183794614968223691e-01
2.854508503667728125e-01
1.415665844732572065e-01
7.729340986092575472e-02
5.173021541283924496e-02
4.077456064937361874e-02
4.066934297491257011e-01
6.550216043876799787e-01
6.550216043876799787e-01
6.557519813719110413e-01
6.572127353403730554e-01
6.550216043876799787e-01
6.564823583561419929e-01
6.557519813719110413e-01
6.557519813719110413e-01
6.572127353403730554e-01
6.550216043876799787e-01
6.550216043876799787e-01
6.557519813719110413e-01
6.572127353403730554e-01
6.542912274034489162e-01
6.550216043876799787e-01
6.550216043876799787e-01
6.542912274034489162e-01
6.542912274034489162e-01
6.542912274034489162e-01
6.542912274034489162e-01
6.550216043876799787e-01
6.550216043876799787e-01
6.535608504192179646e-01
6.550216043876799787e-01
6.535608504192179646e-01
6.535608504192179646e-01
6.542912274034489162e-01
6.528304734349870131e-01
6.491785885138320333e-01
6.411444416872903451e-01
6.265369020026695379e-01
5.936699377122727217e-01
5.323182710368650206e-01
4.242224773706705920e-01
2.679218027452275885e-01
1.269590447886363715e-01
7.218077097130844166e-02
5.246059239707027977e-02
4.296569160206674398e-02
7.156428940788569504e-01
7.156428940788569504e-01
7.163732710630880129e-01
7.171036480473189645e-01
7.163732710630880129e-01
7.156428940788569504e-01
7.171036480473189645e-01
7.171036480473189645e-01
7.171036480473189645e-01
7.163732710630880129e-01
7.178340250315500271e-01
7.171036480473189645e-01
7.185644020157810896e-01
7.171036480473189645e-01
7.156428940788569504e-01
7.156428940788569504e-01
7.171036480473189645e-01
7.163732710630880129e-01
7.156428940788569504e-01
7.156428940788569504e-01
7.163732710630880129e-01
7.171036480473189645e-01
7.156428940788569504e-01
7.156428940788569504e-01
7.171036480473189645e-01
7.156428940788569504e-01
7.156428940788569504e-01
7.149125170946259988e-01
7.127213861419330332e-01
7.083391242365459917e-01
6.988442234415430665e-01
6.762025369303805711e-01
6.323799178765179274e-01
5.534992035795655019e-01
4.234921003864397515e-01
2.430889852813721552e-01
1.130818820882464604e-01
6.925926303438427467e-02
5.099983842860820321e-02
3.365772392629460819e-01
7.748034298015710197e-01
7.755338067858021933e-01
7.755338067858023043e-01
7.748034298015710197e-01
7.762641837700335889e-01
7.762641837700334779e-01
7.769945607542647625e-01
7.777249377384960471e-01
7.755338067858023043e-01
7.777249377384960471e-01
7.755338067858023043e-01
7.777249377384960471e-01
7.769945607542648736e-01
7.755338067858021933e-01
7.740730528173398461e-01
7.748034298015711308e-01
7.740730528173398461e-01
7.748034298015710197e-01
7.740730528173398461e-01
7.740730528173398461e-01
7.769945607542647625e-01
7.748034298015710197e-01
7.740730528173398461e-01
7.740730528173398461e-01
7.748034298015710197e-01
7.740730528173398461e-01
7.740730528173398461e-01
7.740730528173398461e-01
7.696907909119540259e-01
7.631173980538746848e-01
7.514313663061777948e-01
7.192947790000122632e-01
6.630557512142220000e-01
5.637244813587999337e-01
4.059630527648946385e-01
2.094916440067441932e-01
1.006654733563188409e-01
6.560737811322907287e-02
5.026946144437716146e-02
6.798544218515358839e-01
8.376158504454410680e-01
8.383462274296722416e-01
8.376158504454410680e-01
8.390766044139030821e-01
8.383462274296720196e-01
8.376158504454410680e-01
8.376158504454410680e-01
8.390766044139029711e-01
8.383462274296720196e-01
8.383462274296720196e-01
8.390766044139030821e-01
8.398069813981340337e-01
8.390766044139030821e-01
8.368854734612100055e-01
8.361550964769790539e-01
8.368854734612100055e-01
8.368854734612100055e-01
8.361550964769790539e-01
8.368854734612100055e-01
8.361550964769790539e-01
8.398069813981340337e-01
8.361550964769790539e-01
8.368854734612100055e-01
8.368854734612100055e-01
8.368854734612100055e-01
8.361550964769790539e-01
8.361550964769790539e-01
8.339639655242858662e-01
8.303120806031302203e-01
8.208171798081268511e-01
8.025577552023509531e-01
7.638477750381056364e-01
6.893493226465391421e-01
5.659156123114927883e-01
3.774783503798839757e-01
1.795461876532712109e-01
9.336170351400847889e-02
6.560737811322907287e-02
2.211776757544411665e-01
8.960460091839242969e-01
8.975067631523867551e-01
8.982371401366180397e-01
8.975067631523867551e-01
8.982371401366180397e-01
8.975067631523867551e-01
8.982371401366180397e-01
8.975067631523867551e-01
8.975067631523867551e-01
8.982371401366180397e-01
8.982371401366180397e-01
8.975067631523867551e-01
8.982371401366180397e-01
8.960460091839242969e-01
8.945852552154619497e-01
8.982371401366180397e-01
8.967763861681555815e-01
8.960460091839242969e-01
8.960460091839242969e-01
8.975067631523867551e-01
8.975067631523867551e-01
8.960460091839242969e-01
8.953156321996932343e-01
8.960460091839242969e-01
8.967763861681555815e-01
8.953156321996932343e-01
8.967763861681555815e-01
8.953156321996932343e-01
8.923941242627689840e-01
8.872814853731518792e-01
8.755954536254548781e-01
8.485715052089064514e-01
7.974451163127337372e-01
7.046872393153911229e-01
5.527688265953344393e-01
3.358468622787147972e-01
1.517918622524916106e-01
8.459717970323617220e-02
6.195549319207385025e-02
5.951306916807348468e-01
9.566672988751008244e-01
9.559369218908699839e-01
9.566672988751008244e-01
9.566672988751008244e-01
9.566672988751008244e-01
9.566672988751010465e-01
9.573976758593319980e-01
9.573976758593319980e-01
9.581280528435629495e-01
9.566672988751008244e-01
9.566672988751008244e-01
9.566672988751008244e-01
9.566672988751008244e-01
9.559369218908699839e-01
9.566672988751008244e-01
9.552065449066390324e-01
9.566672988751008244e-01
9.559369218908699839e-01
9.559369218908699839e-01
9.566672988751008244e-01
9.573976758593319980e-01
9.566672988751008244e-01
9.559369218908699839e-01
9.566672988751008244e-01
9.566672988751008244e-01
9.559369218908699839e-01
9.559369218908699839e-01
9.537457909381770182e-01
9.508242830012528790e-01
9.427901361747113018e-01
9.259914655373971959e-01
8.909333702943069699e-01
8.251994417135131155e-01
7.076087472523155952e-01
5.257448781787854575e-01
2.869116043352345491e-01
1.269590447886361773e-01
7.875416382938783821e-02
6.049473922361174594e-02
1.015827834597812007e+00
1.015827834597812007e+00
1.015827834597812007e+00
1.016558211582043958e+00
1.015827834597812007e+00
1.015827834597812007e+00
1.016558211582043958e+00
1.018018965550508081e+00
1.016558211582043958e+00
1.017288588566275909e+00
1.017288588566275909e+00
1.018018965550508081e+00
1.017288588566275909e+00
1.018018965550508081e+00
1.015097457613580056e+00
1.015827834597812007e+00
1.017288588566275909e+00
1.015097457613580056e+00
1.015097457613580056e+00
1.016558211582043958e+00
1.015827834597812007e+00
1.017288588566275909e+00
1.015097457613580056e+00
1.015097457613580056e+00
1.015097457613580056e+00
1.015097457613580056e+00
1.015097457613580056e+00
1.015827834597812007e+00
1.012906326660890199e+00
1.007793687771270097e+00
9.968380330078060458e-01
9.741963464966459929e-01
9.274522195058594320e-01
8.434588663192894575e-01
7.010353543942360321e-01
4.848437670618471751e-01
2.365155924232925921e-01
1.123515051040155227e-01
7.656303287669469215e-02
4.687754734087633546e-01
1.077179501273219930e+00
1.077179501273219930e+00
1.077179501273219930e+00
1.076449124288987758e+00
1.077179501273219930e+00
1.076449124288987758e+00
1.077179501273219930e+00
1.077179501273219930e+00
1.077179501273219930e+00
1.077179501273219930e+00
1.077179501273219930e+00
1.077179501273219930e+00
1.077179501273219930e+00
1.077179501273219930e+00
1.077179501273219930e+00
1.077179501273219930e+00
1.076449124288987758e+00
1.075718747304755807e+00
1.077179501273219930e+00
1.077179501273219930e+00
1.077179501273219930e+00
1.076449124288987758e+00
1.077179501273219930e+00
1.077179501273219930e+00
1.077179501273219930e+00
1.076449124288987758e+00
1.076449124288987758e+00
1.074257993336291905e+00
1.071336485399369876e+00
1.064032715557057918e+00
1.050885929840901678e+00
1.019479719518967986e+00
9.603191837962559152e-01
8.522233901300616532e-01
6.791240448673048213e-01
4.286047392760569674e-01
1.912322194009679899e-01
1.013958503405499867e-01
7.364152493977052516e-02
9.216092036320059355e-01
1.135609660011700051e+00
1.135609660011700051e+00
1.134879283027470098e+00
1.136340036995932001e+00
1.134879283027470098e+00
1.135609660011700051e+00
1.135609660011700051e+00
1.135609660011700051e+00
1.135609660011700051e+00
1.135609660011700051e+00
1.136340036995932001e+00
1.135609660011700051e+00
1.136340036995932001e+00
1.134879283027470098e+00
1.133418529059009972e+00
1.135609660011700051e+00
1.134879283027470098e+00
1.132688152074779797e+00
1.134148906043239924e+00
1.134148906043239924e+00
1.135609660011700051e+00
1.133418529059009972e+00
1.133418529059009972e+00
1.134148906043239924e+00
1.134879283027470098e+00
1.133418529059009972e+00
1.133418529059009972e+00
1.131227398106318116e+00
1.127575513185162137e+00
1.118810989374389830e+00
1.098360433815920079e+00
1.056728945714749957e+00
9.815001163389558414e-01
8.478411282246757219e-01
6.389533107345973795e-01
3.614100567268008213e-01
1.561741241578781803e-01
9.482245748247064565e-02
2.971368821144685368e-01
1.196230949702880020e+00
1.196230949702879798e+00
1.196961326687109750e+00
1.196961326687109972e+00
1.196961326687109750e+00
1.196961326687109750e+00
1.196230949702879798e+00
1.196961326687109750e+00
1.196961326687109750e+00
1.198422080655571875e+00
1.197691703671339924e+00
1.197691703671339924e+00
1.196961326687109972e+00
1.197691703671339924e+00
1.194770195734420115e+00
1.196961326687109750e+00
1.196230949702879798e+00
1.196230949702880020e+00
1.196230949702879798e+00
1.197691703671339924e+00
1.196961326687109750e+00
1.196961326687109750e+00
1.194770195734420115e+00
1.194039818750189941e+00
1.195500572718649845e+00
1.195500572718649845e+00
1.194770195734419893e+00
1.194770195734420115e+00
1.191848687797493866e+00
1.184544917955185905e+00
1.172128509223254067e+00
1.145834937790938035e+00
1.090326286989377724e+00
9.953772790393438097e-01
8.325032115558235191e-01
5.849054139015001930e-01
2.934849971933141677e-01
1.349931916151778100e-01
8.970981859285341586e-02
7.835679536123387745e-01
1.256121862409820045e+00
1.256852239394051995e+00
1.256121862409820045e+00
1.256852239394051995e+00
1.256121862409820045e+00
1.256121862409820045e+00
1.256121862409820045e+00
1.256121862409820045e+00
1.256852239394051995e+00
1.256852239394051995e+00
1.256121862409820045e+00
1.256121862409820045e+00
1.256852239394051995e+00
1.256121862409820045e+00
1.255391485425590314e+00
1.256121862409820045e+00
1.256121862409820045e+00
1.254661108441360140e+00
1.255391485425590092e+00
1.256121862409820045e+00
1.256121862409820045e+00
1.255391485425590092e+00
1.256121862409820045e+00
1.256121862409820045e+00
1.255391485425590314e+00
1.256121862409820045e+00
1.255391485425590314e+00
1.253200354472900013e+00
1.248818092567512084e+00
1.242244699709433853e+00
1.224715652087887907e+00
1.186736048907875984e+00
1.118080612390157880e+00
9.953772790393451420e-01
7.996362472654267028e-01
5.155196003995510257e-01
2.350548384548306058e-01
1.203856519305567946e-01
8.459717970323615832e-02
1.316012775116769840e+00
1.315282398132539887e+00
1.316743152100999792e+00
1.316012775116769840e+00
1.316012775116770062e+00
1.316743152100999792e+00
1.318203906069459919e+00
1.317473529085229966e+00
1.315282398132539887e+00
1.317473529085229966e+00
1.317473529085229966e+00
1.317473529085229966e+00
1.317473529085229966e+00
1.316012775116769840e+00
1.314552021148309935e+00
1.315282398132539665e+00
1.315282398132539665e+00
1.314552021148309935e+00
1.315282398132539887e+00
1.316012775116769840e+00
1.316012775116769840e+00
1.316012775116769840e+00
1.314552021148309935e+00
1.315282398132539887e+00
1.316012775116770062e+00
1.315282398132539887e+00
1.315282398132539887e+00
1.314552021148309935e+00
1.311630513211381910e+00
1.306517874321767803e+00
1.294831842574069913e+00
1.270729402094445959e+00
1.224715652087887907e+00
1.134879283027471875e+00
9.851520012601093779e-01
7.485098583692538776e-01
4.337173781656742944e-01
1.883107114640437951e-01
1.079692431986293694e-01
5.995129535861190018e-01
1.374442933855254179e+00
1.375903687823718080e+00
1.376634064807950031e+00
1.375173310839486129e+00
1.375903687823718080e+00
1.375903687823718080e+00
1.375173310839486129e+00
1.375903687823718080e+00
1.376634064807950031e+00
1.376634064807950031e+00
1.376634064807950031e+00
1.376634064807950031e+00
1.376634064807950031e+00
1.375173310839486129e+00
1.373712556871022006e+00
1.374442933855254179e+00
1.372982179886790055e+00
1.374442933855254179e+00
1.374442933855254179e+00
1.373712556871022006e+00
1.376634064807948032e+00
1.374442933855254179e+00
1.373712556871022006e+00
1.375173310839486129e+00
1.375903687823718080e+00
1.372982179886790055e+00
1.372982179886790055e+00
1.372982179886790055e+00
1.369330294965638073e+00
1.361296148139095941e+00
1.347418985438708194e+00
1.312360890195615859e+00
1.253930731457132186e+00
1.139261544932858028e+00
9.581280528435609511e-01
6.805847988357666134e-01
3.519151559317975630e-01
1.569045011421092151e-01
9.993509637208783380e-02
1.167746247317872799e+00
1.438716108467589905e+00
1.438716108467589905e+00
1.437985731483357954e+00
1.438716108467589905e+00
1.437985731483357954e+00
1.438716108467589905e+00
1.438716108467589905e+00
1.438716108467589905e+00
1.438716108467589905e+00
1.438716108467589905e+00
1.437985731483357954e+00
1.438716108467589905e+00
1.437985731483357954e+00
1.437985731483357954e+00
1.437985731483357954e+00
1.437985731483357954e+00
1.437985731483357954e+00
1.435794600530661880e+00
1.437985731483357954e+00
1.437255354499126003e+00
1.439446485451819857e+00
1.436524977514893830e+00
1.437255354499126003e+00
1.438716108467589905e+00
1.437985731483357954e+00
1.437985731483357954e+00
1.436524977514893830e+00
1.433603469577966028e+00
1.430681961641041777e+00
1.419726306877577837e+00
1.397814997350647959e+00
1.356913886233710231e+00
1.275111663999831890e+00
1.137800790964394126e+00
9.164965647423928274e-01
5.987825766018899376e-01
2.803382114771553746e-01
1.364539455836396020e-01
3.774783503798836426e-01
1.497146267206070025e+00
1.497146267206070025e+00
1.497146267206070025e+00
1.497146267206070025e+00
1.497146267206070025e+00
1.496415890221837852e+00
1.497146267206070025e+00
1.496415890221837852e+00
1.496415890221837852e+00
1.497876644190299755e+00
1.497146267206070025e+00
1.496415890221837852e+00
1.497146267206070025e+00
1.496415890221837852e+00
1.495685513237605901e+00
1.497146267206070025e+00
1.495685513237605901e+00
1.496415890221837852e+00
1.496415890221837852e+00
1.497146267206070025e+00
1.497876644190299977e+00
1.495685513237605901e+00
1.494224759269142000e+00
1.495685513237605901e+00
1.496415890221837852e+00
1.494224759269142000e+00
1.495685513237605901e+00
1.494224759269142000e+00
1.491303251332219970e+00
1.484729858474139963e+00
1.471583072757981947e+00
1.441637616404507938e+00
1.386859342587182020e+00
1.286067318763298051e+00
1.115159104453234074e+00
8.514930131458307017e-01
5.045639456360851982e-01
2.204472987702097986e-01
1.218464058990190030e-01
9.727355925281822024e-01
1.555576425944549923e+00
1.557767556897245997e+00
1.557037179913014047e+00
1.557767556897245997e+00
1.557037179913014047e+00
1.557037179913014047e+00
1.557767556897245997e+00
1.557037179913014047e+00
1.558497933881477948e+00
1.557037179913014047e+00
1.557037179913014047e+00
1.557767556897245997e+00
1.557767556897245997e+00
1.556306802928781874e+00
1.555576425944549923e+00
1.555576425944549923e+00
1.555576425944549923e+00
1.555576425944549923e+00
1.556306802928781874e+00
1.556306802928781874e+00
1.558497933881477948e+00
1.556306802928781874e+00
1.555576425944549923e+00
1.555576425944549923e+00
1.555576425944549923e+00
1.555576425944549923e+00
1.555576425944549923e+00
1.554115671976090018e+00
1.551194164039167989e+00
1.542429640228393906e+00
1.524170215622618008e+00
1.485460235458372136e+00
1.413883291003730225e+00
1.284606564794835926e+00
1.079370632225913340e+00
7.704211678961849774e-01
4.103453146702810139e-01
1.795461876532714052e-01
1.108907511355533976e-01
1.614736961667269766e+00
1.614006584683040035e+00
1.614736961667269766e+00
1.614006584683040035e+00
1.614006584683040035e+00
1.614736961667270210e+00
1.614736961667270210e+00
1.614006584683040035e+00
1.614736961667270210e+00
1.614006584683040035e+00
1.614736961667269766e+00
1.614006584683040035e+00
1.614736961667270210e+00
1.614736961667269766e+00
1.613276207698807863e+00
1.614006584683040035e+00
1.614006584683040035e+00
1.614006584683040035e+00
1.614006584683040035e+00
1.613276207698807863e+00
1.614736961667270210e+00
1.614736961667269766e+00
1.613276207698807863e+00
1.613276207698807863e+00
1.613276207698807863e+00
1.613276207698807863e+00
1.613276207698807863e+00
1.613276207698807863e+00
1.610354699761880060e+00
1.604511683888034002e+00
1.592825652140333892e+00
1.569453588644940112e+00
1.518327199748771950e+00
1.427030076719888019e+00
1.269999025110216007e+00
1.020940473487428779e+00
6.740114059776873834e-01
3.212393225940936015e-01
1.503311082840295965e-01
7.353630726530926420e-01
1.676088628342669917e+00
1.677549382311134041e+00
1.676819005326902090e+00
1.676819005326902090e+00
1.678279759295365992e+00
1.676088628342669917e+00
1.677549382311134041e+00
1.678279759295365992e+00
1.677549382311134041e+00
1.678279759295365992e+00
1.677549382311134041e+00
1.676819005326902090e+00
1.677549382311134041e+00
1.676819005326902090e+00
1.675358251358439743e+00
1.677549382311134041e+00
1.676088628342669917e+00
1.676088628342669917e+00
1.676088628342669917e+00
1.676819005326902090e+00
1.677549382311134041e+00
1.676819005326902090e+00
1.675358251358440187e+00
1.676088628342669917e+00
1.676819005326902090e+00
1.675358251358440187e+00
1.675358251358440187e+00
1.674627874374210013e+00
1.670245612468824081e+00
1.662941842626516120e+00
1.648334302941893981e+00
1.612545830714573913e+00
1.549733410070704087e+00
1.432873092593738074e+00
1.242244699709436073e+00
9.493635290327887555e-01
5.710282512011101153e-01
2.511231321079135936e-01
1.342628146309468029e-01
1.411692160051036149e+00
1.738170672002310013e+00
1.738170672002310013e+00
1.736709918033849886e+00
1.738170672002310013e+00
1.735979541049620156e+00
1.738901048986541964e+00
1.737440295018080061e+00
1.738170672002310013e+00
1.738170672002310013e+00
1.738170672002310013e+00
1.738170672002310013e+00
1.737440295018080061e+00
1.737440295018080061e+00
1.735979541049620156e+00
1.736709918033849886e+00
1.737440295018080061e+00
1.736709918033849886e+00
1.735249164065389760e+00
1.737440295018080061e+00
1.737440295018080061e+00
1.738170672002311790e+00
1.735979541049620156e+00
1.735979541049620156e+00
1.737440295018080061e+00
1.736709918033849886e+00
1.735979541049620156e+00
1.735249164065390204e+00
1.734518787081160029e+00
1.730136525175771878e+00
1.719180870412307938e+00
1.697269560885375839e+00
1.652716564847280356e+00
1.568723211660710160e+00
1.425569322751425894e+00
1.193309441765953993e+00
8.558752750512154117e-01
4.651235884876089299e-01
1.985359892432785878e-01
4.592805726137605404e-01
1.796600830740799903e+00
1.797331207725029856e+00
1.797331207725030300e+00
1.796600830740799903e+00
1.797331207725030300e+00
1.795870453756567953e+00
1.797331207725029856e+00
1.798061584709259808e+00
1.796600830740799903e+00
1.797331207725030300e+00
1.796600830740799903e+00
1.796600830740799903e+00
1.796600830740799903e+00
1.797331207725030300e+00
1.796600830740799903e+00
1.796600830740799903e+00
1.796600830740799903e+00
1.796600830740799903e+00
1.795870453756567953e+00
1.796600830740799903e+00
1.798061584709259808e+00
1.797331207725030300e+00
1.795140076772336002e+00
1.795870453756567953e+00
1.797331207725030300e+00
1.795870453756567953e+00
1.795140076772336002e+00
1.794409699788104051e+00
1.791488191851180023e+00
1.785645175977332189e+00
1.772498390261171952e+00
1.741092179939238038e+00
1.684122775169216268e+00
1.578218112455717970e+00
1.402197259256034112e+00
1.126845136200930408e+00
7.485098583692535446e-01
3.628708106952632240e-01
1.656690249528814107e-01
1.161903231444022966e+00
1.856491743447743925e+00
1.856491743447743925e+00
1.855761366463511974e+00
1.856491743447743925e+00
1.855761366463511974e+00
1.855761366463511974e+00
1.856491743447743925e+00
1.855761366463511974e+00
1.855761366463511974e+00
1.856491743447743925e+00
1.856491743447743925e+00
1.855761366463511974e+00
1.857952497416208049e+00
1.855030989479280024e+00
1.855030989479280024e+00
1.855030989479280024e+00
1.855761366463511974e+00
1.854300612495048073e+00
1.855761366463511974e+00
1.855030989479280024e+00
1.857222120431976098e+00
1.855761366463511974e+00
1.854300612495048073e+00
1.855030989479280024e+00
1.855030989479280024e+00
1.855030989479280024e+00
1.855030989479280024e+00
1.852109481542351999e+00
1.849918350589659921e+00
1.841153826778888059e+00
1.822164025188883985e+00
1.781262914071944037e+00
1.707494838664609826e+00
1.573835850550327820e+00
1.361296148139093942e+00
1.035548013172050252e+00
6.323799178765179274e-01
2.781470805244622424e-01
1.444880924101814013e-01
1.916382656154687947e+00
1.917113033138920120e+00
1.916382656154687947e+00
1.917113033138920120e+00
1.917113033138920120e+00
1.916382656154687947e+00
1.917113033138920120e+00
1.917113033138920120e+00
1.917113033138920120e+00
1.917113033138920120e+00
1.916382656154687947e+00
1.917113033138920120e+00
1.917113033138920120e+00
1.916382656154685948e+00
1.916382656154687947e+00
1.916382656154687947e+00
1.914921902186224045e+00
1.915652279170455996e+00
1.914921902186224045e+00
1.916382656154687947e+00
1.915652279170455996e+00
1.917113033138920120e+00
1.913461148217760144e+00
1.915652279170455996e+00
1.917113033138920120e+00
1.914921902186224045e+00
1.914191525201992095e+00
1.914191525201992095e+00
1.911270017265069843e+00
1.906157378375451517e+00
1.894471346627756292e+00
1.869638529163899721e+00
1.816321009315035706e+00
1.722102378349229967e+00
1.559228310865707900e+00
1.302135612416380095e+00
9.332952353797059342e-01
5.125980924626269974e-01
2.182561678175166109e-01
8.734043226727598030e-01
1.973352060924710161e+00
1.974812814893170287e+00
1.973352060924710161e+00
1.975543191877400018e+00
1.974812814893170287e+00
1.974812814893170287e+00
1.974812814893169843e+00
1.975543191877400018e+00
1.973352060924710161e+00
1.975543191877400018e+00
1.974812814893169843e+00
1.974812814893169843e+00
1.976273568861631968e+00
1.974082437908940335e+00
1.971891306956250034e+00
1.973352060924710161e+00
1.973352060924710161e+00
1.973352060924710161e+00
1.972621683940479986e+00
1.974082437908939891e+00
1.974082437908939891e+00
1.973352060924710161e+00
1.972621683940479986e+00
1.973352060924710161e+00
1.974082437908940335e+00
1.972621683940479986e+00
1.974082437908940335e+00
1.971891306956250034e+00
1.967509045050860106e+00
1.960205275208551923e+00
1.945597735523929783e+00
1.908348509328146037e+00
1.844075334715813863e+00
1.722832755333461918e+00
1.525630969591079911e+00
1.218142259229812119e+00
8.142437869500478431e-01
3.979289059383532279e-01
1.780854336848091690e-01
1.654177318815747366e+00
2.035434104584349591e+00
2.035434104584349591e+00
2.035434104584349591e+00
2.036164481568579987e+00
2.034703727600120082e+00
2.034703727600120082e+00
2.036164481568579987e+00
2.035434104584349591e+00
2.034703727600120082e+00
2.036164481568579543e+00
2.036894858552810383e+00
2.036164481568579987e+00
2.035434104584350035e+00
2.033973350615890130e+00
2.033973350615890130e+00
2.033973350615890130e+00
2.033973350615890130e+00
2.033973350615890130e+00
2.034703727600120082e+00
2.033973350615890130e+00
2.036164481568579987e+00
2.033973350615890130e+00
2.034703727600120082e+00
2.033973350615890130e+00
2.035434104584350035e+00
2.033242973631657957e+00
2.033973350615890130e+00
2.031051842678961883e+00
2.026669580773578172e+00
2.016444302994339743e+00
1.993802616483177470e+00
1.949249620445085984e+00
1.863795513290051442e+00
1.715528985491150182e+00
1.475234957679137926e+00
1.122462874295545143e+00
6.908100766150013783e-01
3.029798979883175924e-01
5.483865646899465096e-01
2.095325017291290060e+00
2.096055394275520012e+00
2.095325017291290060e+00
2.096055394275520012e+00
2.096055394275520012e+00
2.095325017291290060e+00
2.096055394275520012e+00
2.096055394275520012e+00
2.096055394275520012e+00
2.096055394275520012e+00
2.096055394275520012e+00
2.096055394275520012e+00
2.096055394275520012e+00
2.096785771259752185e+00
2.096055394275520012e+00
2.094594640307060107e+00
2.095325017291290060e+00
2.093864263322829711e+00
2.093864263322829711e+00
2.096055394275520012e+00
2.096785771259752185e+00
2.096055394275521788e+00
2.095325017291290060e+00
2.095325017291290060e+00
2.096785771259752185e+00
2.093864263322829711e+00
2.093864263322829711e+00
2.093133886338599758e+00
2.090212378401673288e+00
2.083638985543595723e+00
2.070492199827437929e+00
2.039085989505504237e+00
1.979925453782787725e+00
1.872560037100824193e+00
1.689965791043063659e+00
1.400736505287569988e+00
1.007063310787042365e+00
5.571510885007209257e-01
2.350548384548306058e-01
1.355453132265248328e+00
2.155946306982469363e+00
2.157407060950929711e+00
2.156676683966699759e+00
2.157407060950929711e+00
2.156676683966699759e+00
2.156676683966699759e+00
2.156676683966699759e+00
2.156676683966699759e+00
2.157407060950929711e+00
2.157407060950929711e+00
2.158137437935160108e+00
2.157407060950929711e+00
2.156676683966699759e+00
2.154485553014009458e+00
2.155215929998239410e+00
2.154485553014009458e+00
2.155215929998239410e+00
2.155215929998239410e+00
2.155946306982469363e+00
2.155946306982469363e+00
2.156676683966699759e+00
2.154485553014007237e+00
2.155215929998239410e+00
2.155215929998239410e+00
2.154485553014009458e+00
2.154485553014009458e+00
2.154485553014009458e+00
2.153024799045545556e+00
2.147912160155927896e+00
2.139147636345156034e+00
2.119427457770917567e+00
2.079256723638209792e+00
2.003297517278181950e+00
1.868177775195440038e+00
1.649064679926128152e+00
1.307978628290227929e+00
8.785169615623787953e-01
4.315262472129810511e-01
1.919625963851991635e-01
2.212915711752490022e+00
2.212915711752490022e+00
2.212915711752490022e+00
2.212185334768260070e+00
2.212915711752490022e+00
2.212185334768260070e+00
2.212915711752490022e+00
2.212915711752490022e+00
2.212915711752490022e+00
2.213646088736722195e+00
2.212915711752490022e+00
2.213646088736722195e+00
2.212915711752490022e+00
2.213646088736722195e+00
2.212915711752490022e+00
2.212915711752490022e+00
2.212915711752490022e+00
2.212915711752490022e+00
2.212915711752490022e+00
2.212915711752490022e+00
2.212915711752491799e+00
2.212915711752490022e+00
2.212185334768260070e+00
2.212185334768260070e+00
2.212185334768260070e+00
2.212915711752490022e+00
2.212915711752490022e+00
2.212185334768260070e+00
2.209263826831339816e+00
2.202690433973257811e+00
2.189543648257095576e+00
2.164710830793239893e+00
2.110662933960143928e+00
2.012792418073185985e+00
1.847727219636966067e+00
1.581139620392639999e+00
1.195500572718648069e+00
7.360934496373259250e-01
3.227000765625560041e-01
1.016558211582045068e+00
2.274997755412130118e+00
2.274997755412130118e+00
2.274997755412130118e+00
2.274997755412130118e+00
2.274997755412130118e+00
2.275728132396360071e+00
2.275728132396360071e+00
2.276458509380590023e+00
2.274997755412130118e+00
2.277188886364819531e+00
2.274997755412130118e+00
2.274997755412130118e+00
2.276458509380590023e+00
2.274997755412130118e+00
2.274267378427897945e+00
2.274997755412130118e+00
2.274267378427897945e+00
2.274997755412130118e+00
2.273537001443666217e+00
2.274997755412130118e+00
2.276458509380590023e+00
2.274997755412127898e+00
2.273537001443666217e+00
2.274267378427897945e+00
2.274267378427897945e+00
2.274997755412130118e+00
2.273537001443666217e+00
2.271345870490970142e+00
2.268424362554050333e+00
2.260390215727505758e+00
2.245052299058655887e+00
2.207803072862874139e+00
2.139878013329385986e+00
2.016444302994341964e+00
1.815590632330803755e+00
1.497146267206066028e+00
1.073527616352066172e+00
5.944003146965037843e-01
2.496623781394515795e-01
1.903966247422761882e+00
2.335619045103305869e+00
2.336349422087538041e+00
2.336349422087538041e+00
2.337079799071770214e+00
2.336349422087538041e+00
2.337079799071770214e+00
2.336349422087537597e+00
2.335619045103305869e+00
2.336349422087537597e+00
2.336349422087538041e+00
2.336349422087537597e+00
2.337079799071770214e+00
2.337810176056000167e+00
2.334158291134841967e+00
2.334158291134841967e+00
2.333427914150609794e+00
2.335619045103305869e+00
2.334158291134841967e+00
2.336349422087537597e+00
2.335619045103305869e+00
2.336349422087538041e+00
2.334888668119073696e+00
2.336349422087538041e+00
2.334888668119073696e+00
2.334888668119073696e+00
2.334158291134841967e+00
2.334158291134841967e+00
2.331236783197920381e+00
2.328315275260996131e+00
2.316629243513300018e+00
2.292526803033675620e+00
2.246513053027118012e+00
2.158137437935164105e+00
2.005488648230874027e+00
1.760081981529243889e+00
1.391241604492568174e+00
9.354863663324003431e-01
4.578198186452985818e-01
6.499089654980616526e-01
2.395509957810249446e+00
2.395509957810249446e+00
2.395509957810249446e+00
2.395509957810249446e+00
2.395509957810249446e+00
2.395509957810249446e+00
2.394779580826019494e+00
2.396240334794481619e+00
2.395509957810249446e+00
2.396240334794481619e+00
2.395509957810249446e+00
2.395509957810249446e+00
2.395509957810249446e+00
2.396240334794481619e+00
2.393318826857560033e+00
2.394779580826019494e+00
2.394779580826019494e+00
2.395509957810249446e+00
2.394049203841789542e+00
2.395509957810249446e+00
2.396240334794481619e+00
2.395509957810249446e+00
2.393318826857560033e+00
2.395509957810249446e+00
2.395509957810249446e+00
2.394049203841789542e+00
2.394779580826019494e+00
2.391858072889097908e+00
2.390397318920636227e+00
2.382363172094095649e+00
2.367755632409472177e+00
2.336349422087538041e+00
2.276458509380591799e+00
2.164710830793239893e+00
1.979195076798557995e+00
1.680470890248059845e+00
1.272190156062909860e+00
7.828375766281128190e-01
3.438810091052559859e-01
1.552654918007630336e+00
2.454670493532969733e+00
2.456131247501429193e+00
2.455400870517199685e+00
2.457592001469889542e+00
2.456861624485659590e+00
2.455400870517199685e+00
2.456861624485659590e+00
2.456861624485659590e+00
2.456131247501429193e+00
2.457592001469889542e+00
2.457592001469889542e+00
2.456861624485659146e+00
2.457592001469889542e+00
2.456131247501429637e+00
2.453940116548739780e+00
2.455400870517199685e+00
2.456131247501429637e+00
2.454670493532969733e+00
2.455400870517199685e+00
2.455400870517199685e+00
2.456861624485659590e+00
2.454670493532969733e+00
2.453940116548739780e+00
2.454670493532969733e+00
2.455400870517199685e+00
2.453940116548739780e+00
2.454670493532969733e+00
2.452479362580275879e+00
2.447366723690653778e+00
2.440062953848344041e+00
2.418882021305646113e+00
2.377250533204475769e+00
2.299100195891755849e+00
2.160328568887855738e+00
1.936102834728925526e+00
1.584061128329560031e+00
1.137070413980165728e+00
6.294584099395935661e-01
2.642699178240724422e-01
2.515291783224140154e+00
2.516022160208370106e+00
2.516752537192602279e+00
2.516022160208370106e+00
2.516022160208370106e+00
2.514561406239910202e+00
2.516022160208370106e+00
2.516752537192602279e+00
2.516022160208370106e+00
2.516022160208370106e+00
2.516022160208370106e+00
2.516022160208370106e+00
2.516022160208370106e+00
2.516022160208370106e+00
2.516022160208370106e+00
2.516022160208370106e+00
2.516022160208370106e+00
2.513831029255679805e+00
2.513831029255679805e+00
2.516022160208370106e+00
2.516022160208370106e+00
2.516022160208370106e+00
2.515291783224140154e+00
2.516022160208370106e+00
2.515291783224140154e+00
2.514561406239910202e+00
2.513100652271449853e+00
2.513831029255679805e+00
2.510909521318755999e+00
2.504336128460677990e+00
2.492650096712980101e+00
2.464895771312199724e+00
2.411578251463333711e+00
2.311516604623681914e+00
2.140608390313615939e+00
1.866717021226978135e+00
1.470122318789520044e+00
9.851520012601099330e-01
4.811918821406922508e-01
1.173589263191719301e+00
2.578104203868010202e+00
2.577373826883779806e+00
2.577373826883780250e+00
2.577373826883779806e+00
2.578104203868010202e+00
2.576643449899550298e+00
2.577373826883779806e+00
2.577373826883780250e+00
2.577373826883780250e+00
2.578104203868010202e+00
2.577373826883779806e+00
2.578104203868010202e+00
2.577373826883779806e+00
2.576643449899550298e+00
2.575182695931090393e+00
2.576643449899550298e+00
2.575913072915320345e+00
2.576643449899550298e+00
2.575182695931089949e+00
2.575913072915319901e+00
2.578104203868010202e+00
2.575913072915319901e+00
2.574452318946859997e+00
2.575182695931090393e+00
2.576643449899550298e+00
2.575182695931090393e+00
2.575913072915319901e+00
2.573721941962627824e+00
2.570070057041470069e+00
2.561305533230700426e+00
2.545237239577615718e+00
2.507988013381831749e+00
2.437871822895651519e+00
2.311516604623681914e+00
2.103359164117833746e+00
1.777611029150789834e+00
1.340115215596396014e+00
8.222779337765881991e-01
3.592189257741077446e-01
2.153024799045549553e+00
2.635803985622268364e+00
2.636534362606500093e+00
2.635073608638036191e+00
2.636534362606500093e+00
2.635803985622268364e+00
2.635803985622268364e+00
2.636534362606500093e+00
2.636534362606500093e+00
2.636534362606500093e+00
2.636534362606500093e+00
2.635803985622268364e+00
2.636534362606500093e+00
2.636534362606500093e+00
2.636534362606500093e+00
2.635073608638036191e+00
2.635803985622268364e+00
2.635803985622268364e+00
2.634343231653804018e+00
2.635803985622268364e+00
2.635803985622268364e+00
2.637264739590730045e+00
2.633612854669572290e+00
2.634343231653804018e+00
2.635073608638036191e+00
2.635073608638036191e+00
2.634343231653804018e+00
2.635073608638036191e+00
2.631421723716879768e+00
2.625578707843033932e+00
2.615353430063794171e+00
2.591250989584170217e+00
2.542315731640690579e+00
2.452479362580274103e+00
2.296178687954829822e+00
2.044929005379349629e+00
1.666593727547670101e+00
1.191848687797493644e+00
6.528304734349867910e-01
7.740730528173382918e-01
2.696425275313440117e+00
2.695694898329210165e+00
2.696425275313440117e+00
2.696425275313440117e+00
2.695694898329210165e+00
2.695694898329210165e+00
2.694964521344980213e+00
2.697886029281899578e+00
2.695694898329210165e+00
2.697886029281899578e+00
2.695694898329210165e+00
2.696425275313440117e+00
2.697155652297669626e+00
2.696425275313440117e+00
2.695694898329210165e+00
2.694964521344980213e+00
2.695694898329210165e+00
2.694964521344980213e+00
2.695694898329210165e+00
2.696425275313440117e+00
2.696425275313440117e+00
2.694964521344980213e+00
2.694964521344977992e+00
2.695694898329210165e+00
2.694964521344980213e+00
2.694964521344980213e+00
2.694964521344980213e+00
2.694234144360748040e+00
2.689851882455359888e+00
2.682548112613050151e+00
2.668670949912661960e+00
2.635803985622267920e+00
2.572991564978395651e+00
2.459783132422583840e+00
2.268424362554049445e+00
1.964587537113934079e+00
1.543160017212625856e+00
1.027513866345511229e+00
4.994513067464684264e-01
1.757890850576554032e+00
2.757046565004619865e+00
2.756316188020387692e+00
2.757046565004619865e+00
2.757046565004619865e+00
2.756316188020387692e+00
2.756316188020387692e+00
2.757046565004619865e+00
2.757776941988849817e+00
2.757046565004619865e+00
2.757046565004619865e+00
2.757046565004619865e+00
2.757776941988849817e+00
2.757776941988850261e+00
2.757046565004619865e+00
2.756316188020387692e+00
2.757046565004619865e+00
2.756316188020387692e+00
2.756316188020387692e+00
2.756316188020387692e+00
2.757046565004619865e+00
2.757046565004619865e+00
2.757046565004619865e+00
2.756316188020387692e+00
2.757046565004619865e+00
2.756316188020387692e+00
2.754855434051923790e+00
2.756316188020387692e+00
2.752664303099229937e+00
2.748282041193846226e+00
2.739517517383073919e+00
2.719066961824604167e+00
2.675244342770741746e+00
2.594902874505327972e+00
2.452479362580274103e+00
2.218758727626338079e+00
1.862334759321591759e+00
1.400006128303338260e+00
8.522233901300608760e-01
3.738264654587287739e-01
2.815476723743099985e+00
2.814746346758869588e+00
2.816207100727331714e+00
2.814746346758869588e+00
2.814746346758870033e+00
2.815476723743099985e+00
2.815476723743099985e+00
2.816207100727331714e+00
2.815476723743099985e+00
2.815476723743099985e+00
2.816207100727331714e+00
2.815476723743099985e+00
2.815476723743099985e+00
2.815476723743099985e+00
2.814015969774640080e+00
2.814015969774639636e+00
2.814015969774639636e+00
2.814015969774639636e+00
2.814015969774639636e+00
2.815476723743099985e+00
2.814746346758869588e+00
2.814746346758870033e+00
2.814015969774639636e+00
2.815476723743099985e+00
2.814746346758870033e+00
2.813285592790410128e+00
2.812555215806180176e+00
2.812555215806180176e+00
2.811094461837718050e+00
2.805251445963867774e+00
2.790643906279245634e+00
2.763619957862698318e+00
2.707380930076908054e+00
2.603667398316098058e+00
2.428376922100647484e+00
2.149372914124390022e+00
1.743283310891930116e+00
1.235671306851357842e+00
6.740114059776876054e-01
1.343767100517551105e+00
2.874637259465811834e+00
2.875367636450043562e+00
2.875367636450044451e+00
2.876098013434275735e+00
2.876828390418508352e+00
2.875367636450044451e+00
2.875367636450044451e+00
2.876828390418508352e+00
2.875367636450044451e+00
2.876098013434275735e+00
2.876098013434276623e+00
2.876098013434275735e+00
2.877558767402740081e+00
2.875367636450044451e+00
2.873906882481580105e+00
2.875367636450044451e+00
2.874637259465812722e+00
2.873906882481580105e+00
2.873906882481580105e+00
2.874637259465812722e+00
2.876828390418507464e+00
2.874637259465811834e+00
2.874637259465812722e+00
2.874637259465812722e+00
2.873906882481580105e+00
2.873906882481580105e+00
2.873906882481580105e+00
2.871715751528889804e+00
2.868794243591965554e+00
2.860029719781194135e+00
2.842500672159647745e+00
2.804521068979634268e+00
2.732213747540762405e+00
2.602206644347636377e+00
2.388206187967939709e+00
2.054423906174357661e+00
1.606702814840723859e+00
1.061841584604368727e+00
5.096765845257028582e-01
2.406465612573716495e+00
2.935988926141220201e+00
2.938180057093916275e+00
2.935988926141220201e+00
2.938180057093916275e+00
2.936719303125452374e+00
2.937449680109684103e+00
2.937449680109684103e+00
2.935988926141220201e+00
2.936719303125452374e+00
2.936719303125452374e+00
2.937449680109684103e+00
2.937449680109684103e+00
2.937449680109684103e+00
2.935988926141220201e+00
2.936719303125452374e+00
2.935988926141220201e+00
2.935988926141220201e+00
2.935988926141220201e+00
2.938180057093916275e+00
2.935988926141220201e+00
2.937449680109684103e+00
2.935988926141220201e+00
2.935988926141220201e+00
2.936719303125452374e+00
2.935988926141220201e+00
2.935988926141220201e+00
2.935988926141220201e+00
2.932337041220069551e+00
2.927954779314681844e+00
2.915538370582753558e+00
2.892896684071592173e+00
2.842500672159647745e+00
2.750473172146537415e+00
2.590520612599939820e+00
2.330506406213687765e+00
1.945597735523930227e+00
1.454054025136436001e+00
8.763258306096861627e-01
9.296433504585511765e-01
2.994419084879710091e+00
2.995879838848170440e+00
2.994419084879710091e+00
2.994419084879710091e+00
2.995879838848169552e+00
2.993688707895477474e+00
2.995149461863939599e+00
2.997340592816629901e+00
2.994419084879710091e+00
2.996610215832399948e+00
2.995149461863940044e+00
2.995879838848169552e+00
2.996610215832399948e+00
2.995149461863939599e+00
2.994419084879710091e+00
2.995149461863939599e+00
2.994419084879710091e+00
2.994419084879710091e+00
2.993688707895478363e+00
2.994419084879710091e+00
2.995879838848170440e+00
2.995879838848169552e+00
2.993688707895477474e+00
2.994419084879710091e+00
2.994419084879710091e+00
2.994419084879710091e+00
2.994419084879710091e+00
2.992958330911246634e+00
2.989306445990089767e+00
2.981272299163548301e+00
2.966664759478927493e+00
2.933797795188527679e+00
2.870985374544662072e+00
2.754125057067695614e+00
2.557653648309544003e+00
2.245052299058655887e+00
1.815590632330801979e+00
1.279493925905216045e+00
6.908100766150011562e-01
1.977003945845867694e+00
3.056501128539350187e+00
3.056501128539350187e+00
3.057231505523580584e+00
3.058692259492040044e+00
3.057231505523580584e+00
3.055770751555118458e+00
3.056501128539350187e+00
3.057231505523580584e+00
3.057231505523580140e+00
3.057231505523580584e+00
3.056501128539350187e+00
3.057231505523580584e+00
3.057961882507810536e+00
3.056501128539350187e+00
3.055770751555118458e+00
3.056501128539350187e+00
3.056501128539350187e+00
3.056501128539350187e+00
3.055770751555118458e+00
3.056501128539350187e+00
3.057231505523580584e+00
3.055040374570886286e+00
3.056501128539350187e+00
3.056501128539350187e+00
3.055770751555118458e+00
3.055770751555118458e+00
3.055770751555118458e+00
3.052849243618190211e+00
3.049197358697037785e+00
3.038972080917798024e+00
3.017791148375097876e+00
2.973968529321237675e+00
2.892896684071591729e+00
2.746821287225384545e+00
2.509448767350296094e+00
2.141338767297848111e+00
1.667324104531899831e+00
1.091787040957842070e+00
5.228233702418616513e-01
3.117122418230519720e+00
3.117122418230519720e+00
3.116392041246290212e+00
3.117852795214749673e+00
3.117122418230520164e+00
3.117122418230519720e+00
3.117852795214749673e+00
3.117852795214749673e+00
3.117122418230519720e+00
3.117122418230519720e+00
3.117852795214749673e+00
3.117122418230519720e+00
3.117852795214749673e+00
3.116392041246290212e+00
3.115661664262059816e+00
3.116392041246289324e+00
3.114931287277829419e+00
3.114931287277829419e+00
3.115661664262059816e+00
3.116392041246289324e+00
3.116392041246289768e+00
3.117852795214749673e+00
3.114200910293598135e+00
3.115661664262059372e+00
3.116392041246290212e+00
3.114931287277829419e+00
3.114931287277829419e+00
3.114931287277829419e+00
3.111279402356669443e+00
3.105436386482824052e+00
3.090828846798203688e+00
3.063074521397427752e+00
3.006105116627403540e+00
2.903121961850826160e+00
2.723449223729991875e+00
2.432759184006033859e+00
2.020826564899727895e+00
1.498607021174531928e+00
8.953156321996920131e-01
1.543890394196858695e+00
3.177013330937469515e+00
3.177013330937469515e+00
3.176282953953237786e+00
3.177013330937469515e+00
3.177013330937469515e+00
3.174822199984773441e+00
3.176282953953237786e+00
3.177013330937469515e+00
3.176282953953237786e+00
3.177013330937469515e+00
3.177013330937469515e+00
3.177013330937469515e+00
3.177013330937469515e+00
3.176282953953237786e+00
3.174822199984773441e+00
3.177013330937469515e+00
3.175552576969005614e+00
3.174822199984773441e+00
3.174822199984773441e+00
3.175552576969005614e+00
3.176282953953237786e+00
3.175552576969005614e+00
3.175552576969005614e+00
3.175552576969005614e+00
3.175552576969005614e+00
3.174822199984773441e+00
3.174822199984773441e+00
3.171900692047850079e+00
3.168979184110925384e+00
3.158753906331694061e+00
3.142685612678609797e+00
3.103245255530131974e+00
3.031668311075487843e+00
2.899470076929671958e+00
2.679626604676125901e+00
2.337810176055998390e+00
1.879863806943135929e+00
1.314552021148309935e+00
6.988442234415429555e-01
2.667210195944199391e+00
3.235443489675950079e+00
3.236173866660182252e+00
3.235443489675950079e+00
3.236173866660182252e+00
3.235443489675950079e+00
3.236904243644413981e+00
3.236173866660182252e+00
3.236173866660182252e+00
3.236904243644413981e+00
3.236173866660182252e+00
3.236904243644413981e+00
3.235443489675950079e+00
3.236904243644413981e+00
3.235443489675950079e+00
3.235443489675950079e+00
3.235443489675950079e+00
3.235443489675950079e+00
3.235443489675950079e+00
3.235443489675952300e+00
3.235443489675950079e+00
3.236904243644413981e+00
3.234713112691719683e+00
3.234713112691720571e+00
3.235443489675950079e+00
3.235443489675950079e+00
3.234713112691719683e+00
3.233252358723260222e+00
3.231791604754799430e+00
3.225218211896718312e+00
3.214262557133252152e+00
3.190160116653625533e+00
3.139764104741683326e+00
3.046275850760113535e+00
2.882671406292357741e+00
2.617544561016488025e+00
2.222410612547496278e+00
1.720641624380769841e+00
1.111507219532079427e+00
1.116619858421698641e+00
3.295334402382894101e+00
3.295334402382894545e+00
3.295334402382894101e+00
3.296064779367126274e+00
3.295334402382894101e+00
3.295334402382894545e+00
3.296064779367126274e+00
3.297525533335590175e+00
3.297525533335590175e+00
3.296795156351358891e+00
3.296064779367125830e+00
3.296064779367126274e+00
3.296795156351358003e+00
3.296064779367125830e+00
3.293873648414430200e+00
3.294604025398662372e+00
3.294604025398662372e+00
3.295334402382894101e+00
3.294604025398662372e+00
3.294604025398662372e+00
3.294604025398662372e+00
3.296064779367125830e+00
3.294604025398662372e+00
3.293873648414430200e+00
3.296064779367126274e+00
3.293873648414430200e+00
3.294604025398662372e+00
3.292412894445970295e+00
3.290221763493279550e+00
3.282917993650965371e+00
3.266849699997885548e+00
3.233252358723258002e+00
3.167518430142464148e+00
3.049197358697034232e+00
2.850534818986191876e+00
2.529899322908762294e+00
2.090942755385905905e+00
1.537317001338778022e+00
9.077320409316195216e-01
2.211454957784027897e+00
3.355955692074069852e+00
3.356686069058301136e+00
3.355955692074069852e+00
3.357416446042533753e+00
3.355955692074069852e+00
3.355955692074069852e+00
3.356686069058301136e+00
3.355955692074069852e+00
3.356686069058301136e+00
3.356686069058301136e+00
3.355955692074069852e+00
3.355955692074069852e+00
3.357416446042533753e+00
3.355955692074069852e+00
3.354494938105609947e+00
3.355955692074069852e+00
3.355225315089839455e+00
3.355955692074069852e+00
3.355955692074069852e+00
3.355955692074069852e+00
3.357416446042533753e+00
3.355225315089839455e+00
3.355225315089839455e+00
3.355955692074069852e+00
3.355955692074069852e+00
3.355225315089839455e+00
3.355225315089839455e+00
3.352303807152917869e+00
3.347921545247530162e+00
3.338426644452527903e+00
3.315784957941367850e+00
3.271231961903271923e+00
3.187238608716701727e+00
3.038972080917799357e+00
2.797947676121555816e+00
2.421803529242569475e+00
1.937563588697385653e+00
1.340115215596394238e+00
7.061479932838532481e-01
3.417307358749479995e+00
3.418037735733709503e+00
3.417307358749479995e+00
3.416576981765249599e+00
3.418037735733709503e+00
3.417307358749479995e+00
3.417307358749479995e+00
3.418037735733709503e+00
3.418037735733709503e+00
3.418037735733709503e+00
3.418768112717940788e+00
3.418037735733709503e+00
3.418037735733709503e+00
3.418768112717940788e+00
3.416576981765250487e+00
3.416576981765249599e+00
3.416576981765249599e+00
3.416576981765249599e+00
3.417307358749479995e+00
3.417307358749479107e+00
3.416576981765249599e+00
3.418037735733709503e+00
3.414385850812560186e+00
3.416576981765249599e+00
3.417307358749479995e+00
3.415846604781020091e+00
3.415116227796790582e+00
3.415846604781020091e+00
3.412194719859864112e+00
3.405621327001784326e+00
3.393204918269856485e+00
3.362529084932149637e+00
3.305559680162132086e+00
3.197463886495937935e+00
3.015600017422405799e+00
2.720527715793065848e+00
2.299100195891755849e+00
1.763733866450397869e+00
1.130497021122087720e+00
1.763733866450402088e+00
3.473546386535271147e+00
3.475007140503735936e+00
3.472816009551039862e+00
3.474276763519503763e+00
3.473546386535272035e+00
3.473546386535272035e+00
3.472816009551039862e+00
3.474276763519503763e+00
3.473546386535272035e+00
3.474276763519503763e+00
3.473546386535271147e+00
3.475007140503735936e+00
3.474276763519503763e+00
3.472816009551039862e+00
3.472816009551039862e+00
3.472816009551039862e+00
3.472816009551039862e+00
3.473546386535272035e+00
3.472816009551039862e+00
3.472816009551039862e+00
3.475007140503735936e+00
3.473546386535271147e+00
3.472816009551039862e+00
3.472816009551039862e+00
3.472816009551039862e+00
3.472085632566809466e+00
3.472085632566810354e+00
3.470624878598349561e+00
3.466972993677194470e+00
3.456747715897956486e+00
3.439949045260642269e+00
3.400508688112165778e+00
3.327470989689062186e+00
3.190890493637855485e+00
2.968855890431618239e+00
2.619005314984951927e+00
2.150833668092849926e+00
1.569453588644944109e+00
9.099231718843133754e-01
2.936719303125456371e+00
3.534898053210679958e+00
3.535628430194910354e+00
3.534898053210679958e+00
3.534898053210679958e+00
3.534167676226447785e+00
3.534898053210679958e+00
3.534898053210679958e+00
3.535628430194910354e+00
3.534898053210679958e+00
3.535628430194910354e+00
3.534898053210679958e+00
3.534898053210679958e+00
3.535628430194910354e+00
3.534898053210679958e+00
3.534898053210679958e+00
3.533437299242216056e+00
3.534898053210679958e+00
3.534898053210679958e+00
3.534167676226447785e+00
3.534167676226447785e+00
3.534898053210679958e+00
3.533437299242216056e+00
3.534898053210679958e+00
3.534167676226447785e+00
3.534167676226447785e+00
3.533437299242216056e+00
3.532706922257983884e+00
3.530515791305290030e+00
3.523942398447212021e+00
3.512986743683748081e+00
3.486693172251429385e+00
3.436297160339488066e+00
3.340617775405222201e+00
3.173361446016316201e+00
2.904582715819287841e+00
2.499953866555290283e+00
1.987229223625099905e+00
1.357644263217938185e+00
1.329159560832932518e+00
3.594788965917623980e+00
3.594788965917623980e+00
3.594788965917623980e+00
3.594058588933391807e+00
3.595519342901856596e+00
3.594788965917623980e+00
3.595519342901856596e+00
3.596249719886087881e+00
3.595519342901856596e+00
3.594788965917623980e+00
3.596249719886087881e+00
3.595519342901856596e+00
3.596980096870319610e+00
3.594788965917623980e+00
3.593328211949160078e+00
3.594788965917623980e+00
3.593328211949160078e+00
3.594058588933391807e+00
3.593328211949160078e+00
3.594058588933391807e+00
3.594788965917623980e+00
3.595519342901856596e+00
3.593328211949160078e+00
3.594058588933391807e+00
3.594058588933391807e+00
3.594058588933391807e+00
3.594058588933391807e+00
3.591867457980699729e+00
3.588945950043777255e+00
3.580911803217235789e+00
3.564113132579919352e+00
3.529055037336828349e+00
3.463321108756036271e+00
3.342078529373684326e+00
3.139033727757454706e+00
2.814746346758872253e+00
2.366294878441011829e+00
1.799522338677719713e+00
1.137070413980165728e+00
2.464165394327973768e+00
3.658331763545728421e+00
3.658331763545728421e+00
3.657601386561496248e+00
3.659062140529960150e+00
3.657601386561496248e+00
3.657601386561496248e+00
3.658331763545728421e+00
3.659062140529960150e+00
3.657601386561496248e+00
3.657601386561496248e+00
3.658331763545728421e+00
3.658331763545728421e+00
3.659062140529960150e+00
3.656140632593031903e+00
3.656871009577264520e+00
3.656140632593031903e+00
3.655410255608800618e+00
3.657601386561496248e+00
3.656871009577264520e+00
3.656140632593031903e+00
3.659062140529960150e+00
3.656140632593031903e+00
3.654679878624570222e+00
3.656871009577264520e+00
3.655410255608800618e+00
3.656140632593031903e+00
3.655410255608800618e+00
3.653949501640339825e+00
3.649567239734955670e+00
3.638611584971488178e+00
3.616700275444554080e+00
3.571416902422229978e+00
3.483771664314505578e+00
3.332583628578679846e+00
3.087907338861279438e+00
2.705189799124213756e+00
2.209994203815566216e+00
1.595747160077259696e+00
9.157661877581622090e-01
3.716761922284207653e+00
3.716031545299975924e+00
3.716031545299975924e+00
3.716761922284207653e+00
3.716761922284207653e+00
3.716761922284207653e+00
3.716031545299975924e+00
3.716031545299975924e+00
3.714570791331512023e+00
3.717492299268440270e+00
3.716761922284207653e+00
3.716031545299975924e+00
3.717492299268440270e+00
3.716031545299975924e+00
3.715301168315743752e+00
3.716031545299975924e+00
3.716031545299975924e+00
3.716031545299975924e+00
3.715301168315743752e+00
3.716761922284207653e+00
3.716031545299975924e+00
3.715301168315743752e+00
3.715301168315743752e+00
3.713840414347279850e+00
3.716031545299975924e+00
3.713840414347279850e+00
3.714570791331512023e+00
3.714570791331512023e+00
3.710918906410359597e+00
3.703615136568047639e+00
3.689737973867658560e+00
3.661253271482649119e+00
3.600631981791471592e+00
3.491075434156815760e+00
3.306290057146361594e+00
3.007565870595868329e+00
2.578104203868014199e+00
2.030321465694731931e+00
1.373712556871022006e+00
2.004027894262415010e+00
3.776652834991152563e+00
3.776652834991151675e+00
3.775922458006919946e+00
3.776652834991152563e+00
3.777383211975383404e+00
3.776652834991152563e+00
3.776652834991152563e+00
3.776652834991152563e+00
3.776652834991151675e+00
3.776652834991152563e+00
3.776652834991151675e+00
3.777383211975384292e+00
3.778113588959615576e+00
3.775922458006919946e+00
3.775192081022689994e+00
3.775922458006919946e+00
3.775922458006919946e+00
3.775192081022689994e+00
3.775922458006919946e+00
3.775922458006919946e+00
3.777383211975384292e+00
3.775922458006919946e+00
3.775922458006919946e+00
3.775922458006919946e+00
3.776652834991152563e+00
3.775922458006919946e+00
3.773731327054230089e+00
3.773000950070000137e+00
3.770079442133074110e+00
3.759854164353839678e+00
3.741594739748065557e+00
3.700693628631123833e+00
3.624004045286867814e+00
3.486693172251428052e+00
3.260276307139807983e+00
2.906773846771979919e+00
2.429107299084881877e+00
1.832389302968117750e+00
1.141452675885553214e+00
3.214262557133253040e+00
3.834352616745409392e+00
3.835813370713869741e+00
3.834352616745409392e+00
3.835082993729639789e+00
3.835082993729639789e+00
3.835082993729639789e+00
3.836543747698100137e+00
3.836543747698100137e+00
3.835813370713869741e+00
3.835813370713869741e+00
3.835813370713869741e+00
3.836543747698100137e+00
3.835082993729639789e+00
3.834352616745409392e+00
3.834352616745409392e+00
3.834352616745409392e+00
3.834352616745409392e+00
3.834352616745409392e+00
3.833622239761177664e+00
3.834352616745409392e+00
3.835813370713869741e+00
3.834352616745409392e+00
3.834352616745409392e+00
3.834352616745409392e+00
3.834352616745409392e+00
3.833622239761177664e+00
3.834352616745409392e+00
3.829970354840019464e+00
3.824857715950403581e+00
3.812441307218475739e+00
3.786878112770389659e+00
3.733560592921521870e+00
3.636420454018794324e+00
3.466972993677191361e+00
3.194542378559013684e+00
2.783340136436934120e+00
2.258929461759048074e+00
1.611815453730343961e+00
1.559958687849940517e+00
3.895704283420809766e+00
3.896434660405040606e+00
3.895704283420810210e+00
3.895704283420809766e+00
3.896434660405040606e+00
3.895704283420809766e+00
3.895704283420809766e+00
3.896434660405040606e+00
3.895704283420809766e+00
3.896434660405040606e+00
3.895704283420809766e+00
3.895704283420809766e+00
3.896434660405040606e+00
3.895704283420809766e+00
3.893513152468119465e+00
3.895704283420810210e+00
3.894973906436580258e+00
3.893513152468119465e+00
3.893513152468119465e+00
3.894973906436580258e+00
3.896434660405040606e+00
3.895704283420809766e+00
3.893513152468119465e+00
3.892782775483889512e+00
3.894973906436580258e+00
3.892782775483889512e+00
3.893513152468119465e+00
3.893513152468119465e+00
3.889861267546961265e+00
3.881827120720422020e+00
3.865028450083110023e+00
3.829970354840021685e+00
3.762775672290763929e+00
3.639341961955717686e+00
3.430454144465640010e+00
3.100323747593205947e+00
2.646759640385730084e+00
2.067570691890511902e+00
1.380285949729101791e+00
2.724179600714223604e+00
3.954864819143529608e+00
3.955595196127760005e+00
3.954864819143529608e+00
3.954864819143529608e+00
3.954864819143529608e+00
3.954864819143529608e+00
3.954864819143529608e+00
3.954864819143529608e+00
3.954864819143529608e+00
3.954864819143529608e+00
3.954864819143529608e+00
3.954864819143529608e+00
3.956325573111989513e+00
3.954864819143529608e+00
3.954864819143529608e+00
3.954134442159297436e+00
3.953404065175065707e+00
3.953404065175065707e+00
3.954134442159298324e+00
3.954864819143529608e+00
3.955595196127760005e+00
3.954134442159297436e+00
3.954134442159297436e+00
3.954134442159298324e+00
3.954134442159297436e+00
3.953404065175065707e+00
3.951943311206600917e+00
3.951943311206600917e+00
3.945369918348526461e+00
3.936605394537752378e+00
3.913963708026590105e+00
3.866489204051569484e+00
3.780304719912307654e+00
3.624734422271095546e+00
3.375675870648309651e+00
2.988576069005858038e+00
2.483885572902208239e+00
1.852839858526587946e+00
1.138531167948626521e+00
4.016216485818937976e+00
4.014755731850472742e+00
4.014755731850472742e+00
4.015486108834705803e+00
4.016216485818937976e+00
4.016216485818937088e+00
4.016216485818937976e+00
4.016946862803169260e+00
4.015486108834705803e+00
4.016216485818937976e+00
4.016946862803169260e+00
4.015486108834705803e+00
4.016946862803169260e+00
4.016216485818937088e+00
4.014755731850472742e+00
4.015486108834705803e+00
4.014025354866240569e+00
4.014755731850472742e+00
4.014755731850473630e+00
4.014755731850472742e+00
4.014755731850473630e+00
4.016216485818937088e+00
4.014025354866240569e+00
4.013294977882009285e+00
4.015486108834705803e+00
4.014025354866240569e+00
4.014025354866240569e+00
4.013294977882009285e+00
4.008912715976627794e+00
4.003800077087009690e+00
3.988462160418157598e+00
3.957786327080449862e+00
3.897165037389275888e+00
3.788338866738851785e+00
3.600631981791472036e+00
3.293873648414436417e+00
2.860029719781198132e+00
2.298369818907521900e+00
1.622771108493807901e+00
2.253086445885198241e+00
4.075377021541649825e+00
4.075377021541649825e+00
4.075377021541649825e+00
4.074646644557420316e+00
4.075377021541649825e+00
4.075377021541649825e+00
4.075377021541649825e+00
4.075377021541649825e+00
4.076107398525881997e+00
4.075377021541649825e+00
4.075377021541649825e+00
4.075377021541649825e+00
4.076107398525881997e+00
4.075377021541649825e+00
4.074646644557420316e+00
4.075377021541649825e+00
4.074646644557420316e+00
4.074646644557420316e+00
4.075377021541649825e+00
4.075377021541649825e+00
4.076107398525881997e+00
4.074646644557420316e+00
4.074646644557420316e+00
4.074646644557420316e+00
4.073916267573189032e+00
4.074646644557420316e+00
4.073916267573189920e+00
4.071725136620497842e+00
4.068073251699339643e+00
4.058578350904335608e+00
4.038858172330096252e+00
3.997226684228929461e+00
3.919806723900438161e+00
3.781765473880771999e+00
3.550235969879530273e+00
3.190160116653625533e+00
2.705920176108446373e+00
2.095325017291293612e+00
1.377364441792177985e+00
3.496918450030664705e+00
4.135267934248593846e+00
4.137459065201289476e+00
4.135998311232825131e+00
4.135998311232825131e+00
4.136728688217057304e+00
4.136728688217057304e+00
4.136728688217057304e+00
4.135998311232825131e+00
4.136728688217057304e+00
4.137459065201289476e+00
4.136728688217057304e+00
4.135998311232825131e+00
4.135998311232825131e+00
4.134537557264361674e+00
4.135998311232825131e+00
4.136728688217057304e+00
4.135267934248593846e+00
4.134537557264361674e+00
4.136728688217057304e+00
4.137459065201289476e+00
4.137459065201289476e+00
4.135267934248593846e+00
4.137459065201289476e+00
4.134537557264361674e+00
4.135998311232825131e+00
4.134537557264361674e+00
4.134537557264361674e+00
4.130885672343209691e+00
4.125042656469362079e+00
4.113356624721663302e+00
4.086332676305119982e+00
4.033015156456249528e+00
3.932953509616595511e+00
3.762045295306533976e+00
3.483041287330274294e+00
3.067456783302814127e+00
2.532090453861456147e+00
1.868908152179667992e+00
1.802443846614645739e+00
4.195889223939770041e+00
4.195158846955539644e+00
4.195889223939770041e+00
4.195158846955539644e+00
4.195158846955539644e+00
4.194428469971310136e+00
4.195158846955539644e+00
4.195889223939770041e+00
4.195889223939770041e+00
4.195889223939770041e+00
4.195158846955539644e+00
4.195889223939770041e+00
4.195889223939770041e+00
4.195158846955539644e+00
4.192237339018619835e+00
4.195889223939770041e+00
4.194428469971310136e+00
4.193698092987079740e+00
4.193698092987079740e+00
4.195158846955539644e+00
4.194428469971310136e+00
4.195889223939770041e+00
4.192967716002850231e+00
4.193698092987079740e+00
4.195889223939770041e+00
4.192967716002850231e+00
4.194428469971310136e+00
4.192967716002850231e+00
4.188585454097459859e+00
4.179820930286689773e+00
4.163752636633607729e+00
4.127964164406283665e+00
4.058578350904338272e+00
3.932223132632366003e+00
3.720413807205365853e+00
3.388092279380239713e+00
2.925763648361990210e+00
2.333427914150614235e+00
1.627153370399194277e+00
2.990767199958552336e+00
4.255049759662490771e+00
4.256510513630949788e+00
4.254319382678260375e+00
4.257240890615179296e+00
4.255780136646720280e+00
4.255780136646720280e+00
4.255780136646720280e+00
4.255780136646720280e+00
4.255780136646720280e+00
4.255780136646720280e+00
4.255049759662490771e+00
4.255780136646720280e+00
4.256510513630949788e+00
4.254319382678260375e+00
4.254319382678260375e+00
4.254319382678260375e+00
4.254319382678260375e+00
4.254319382678260375e+00
4.255780136646720280e+00
4.255049759662489883e+00
4.255780136646720280e+00
4.254319382678260375e+00
4.254319382678260375e+00
4.255049759662489883e+00
4.254319382678260375e+00
4.254319382678260375e+00
4.254319382678260375e+00
4.251397874741331684e+00
4.247015612835948417e+00
4.236790335056707768e+00
4.213418271561318207e+00
4.164483013617837237e+00
4.076837775510114170e+00
3.919806723900440382e+00
3.665635533388036382e+00
3.271962338887503652e+00
2.759968072941544115e+00
2.115045195865531635e+00
1.372251802902560103e+00
4.314940672369429464e+00
4.314210295385199956e+00
4.314940672369429464e+00
4.314940672369429464e+00
4.314940672369429464e+00
4.313479918400969559e+00
4.314210295385199956e+00
4.315671049353659861e+00
4.316401426337889369e+00
4.315671049353658972e+00
4.315671049353658972e+00
4.314210295385199956e+00
4.316401426337889369e+00
4.315671049353658972e+00
4.314210295385199956e+00
4.312749541416740051e+00
4.312749541416740051e+00
4.314210295385199956e+00
4.312749541416740051e+00
4.314940672369429464e+00
4.313479918400970448e+00
4.316401426337889369e+00
4.312749541416740051e+00
4.312749541416740051e+00
4.314210295385199956e+00
4.313479918400969559e+00
4.312749541416740051e+00
4.312749541416740051e+00
4.309097656495580075e+00
4.302524263637503843e+00
4.287916723952884368e+00
4.255780136646717615e+00
4.195158846955540533e+00
4.081950414399729610e+00
3.888400513578504025e+00
3.577990295280309763e+00
3.139033727757453818e+00
2.569339680057239228e+00
1.876942299006212123e+00
2.508718390366063922e+00
4.373370831107915357e+00
4.374831585076379703e+00
4.373370831107915357e+00
4.373370831107915357e+00
4.374101208092147530e+00
4.374101208092147530e+00
4.374101208092147530e+00
4.374831585076379703e+00
4.374101208092147530e+00
4.374831585076379703e+00
4.374831585076379703e+00
4.374101208092147530e+00
4.374101208092147530e+00
4.371910077139451900e+00
4.371910077139451900e+00
4.371910077139451900e+00
4.371910077139451900e+00
4.372640454123684073e+00
4.371910077139451900e+00
4.371910077139451900e+00
4.374101208092147530e+00
4.372640454123684073e+00
4.371910077139451900e+00
4.372640454123684073e+00
4.373370831107915357e+00
4.371179700155219727e+00
4.371910077139451900e+00
4.369718946186759823e+00
4.366067061265606064e+00
4.356572160470603805e+00
4.338312735864826131e+00
4.295220493795193661e+00
4.217070156482470189e+00
4.073185890588957747e+00
3.839465255635023944e+00
3.475737517487963224e+00
2.984193807100472107e+00
2.361182239551393724e+00
1.621310354525347774e+00
3.778113588959614244e+00
4.433261743814860267e+00
4.433261743814860267e+00
4.433261743814860267e+00
4.433261743814860267e+00
4.433261743814860267e+00
4.433261743814860267e+00
4.433261743814860267e+00
4.433992120799092440e+00
4.433992120799092440e+00
4.433261743814860267e+00
4.433261743814860267e+00
4.433992120799092440e+00
4.433992120799092440e+00
4.433261743814860267e+00
4.433261743814860267e+00
4.433261743814860267e+00
4.433261743814860267e+00
4.433261743814860267e+00
4.432531366830629871e+00
4.432531366830629871e+00
4.433992120799092440e+00
4.433261743814860267e+00
4.433261743814860267e+00
4.433261743814860267e+00
4.433261743814860267e+00
4.431800989846399474e+00
4.431800989846399474e+00
4.428879481909477889e+00
4.423036466035628500e+00
4.410620057303701991e+00
4.382865731902919393e+00
4.328087458085589923e+00
4.227295434261708174e+00
4.052735335030489772e+00
3.768618688164614206e+00
3.348651922231764111e+00
2.805981822948097726e+00
2.126731227613227304e+00
2.049311267284738225e+00
4.495343787474499919e+00
4.495343787474499919e+00
4.495343787474499919e+00
4.495343787474499919e+00
4.495343787474499919e+00
4.495343787474499919e+00
4.495343787474499919e+00
4.496074164458732092e+00
4.495343787474499919e+00
4.495343787474499919e+00
4.495343787474499919e+00
4.495343787474499919e+00
4.495343787474499919e+00
4.496074164458732092e+00
4.495343787474499919e+00
4.495343787474499919e+00
4.495343787474499919e+00
4.494613410490267746e+00
4.493883033506035574e+00
4.495343787474499919e+00
4.495343787474499919e+00
4.495343787474499919e+00
4.494613410490267746e+00
4.493883033506035574e+00
4.494613410490267746e+00
4.494613410490267746e+00
4.494613410490267746e+00
4.491691902553342608e+00
4.488770394616420134e+00
4.479275493821416099e+00
4.463207200168331390e+00
4.425957973972551862e+00
4.354381029517909951e+00
4.228756188230167190e+00
4.013294977882011949e+00
3.673669680214575628e+00
3.206228410306708465e+00
2.604397775300328011e+00
1.878403052974673582e+00
3.261006684124035271e+00
4.553773946212979595e+00
4.554504323197211768e+00
4.553773946212979595e+00
4.553773946212979595e+00
4.553773946212979595e+00
4.554504323197211768e+00
4.554504323197211768e+00
4.554504323197211768e+00
4.554504323197211768e+00
4.553773946212979595e+00
4.553773946212979595e+00
4.554504323197211768e+00
4.553773946212979595e+00
4.553773946212979595e+00
4.553773946212979595e+00
4.553043569228750087e+00
4.553773946212979595e+00
4.553043569228750087e+00
4.553043569228750087e+00
4.553773946212979595e+00
4.555234700181443941e+00
4.552313192244520579e+00
4.552313192244520579e+00
4.553043569228750087e+00
4.552313192244520579e+00
4.553043569228750087e+00
4.551582815260290182e+00
4.550122061291827613e+00
4.545009422402210397e+00
4.533323390654514284e+00
4.509951327159120282e+00
4.461746446199869709e+00
4.370449323170991995e+00
4.211227140608624353e+00
3.952673688190836199e+00
3.555348608769149710e+00
3.035320195996644266e+00
2.377980910188705721e+00
1.611815453730343961e+00
4.614395235904160231e+00
4.615125612888390627e+00
4.615855989872620135e+00
4.615125612888389739e+00
4.615855989872620135e+00
4.615125612888389739e+00
4.615125612888390627e+00
4.615855989872620135e+00
4.615855989872620135e+00
4.615855989872620135e+00
4.615855989872622800e+00
4.614395235904160231e+00
4.615855989872620135e+00
4.615125612888389739e+00
4.613664858919930722e+00
4.614395235904160231e+00
4.614395235904160231e+00
4.613664858919930722e+00
4.612934481935700326e+00
4.613664858919930722e+00
4.615855989872620135e+00
4.614395235904160231e+00
4.613664858919930722e+00
4.612934481935700326e+00
4.615125612888390627e+00
4.612934481935700326e+00
4.612934481935700326e+00
4.612934481935700326e+00
4.609282597014543015e+00
4.601248450188000660e+00
4.587371287487612470e+00
4.555234700181446605e+00
4.493152656521806065e+00
4.377753093013299512e+00
4.182012061239383627e+00
3.865758827067339976e+00
3.422419997639097655e+00
2.843231049143882139e+00
2.134034997455537930e+00
2.762889580878465701e+00
4.674286148611109581e+00
4.674286148611109581e+00
4.673555771626877409e+00
4.673555771626877409e+00
4.674286148611109581e+00
4.674286148611109581e+00
4.674286148611109581e+00
4.673555771626877409e+00
4.674286148611109581e+00
4.674286148611109581e+00
4.673555771626877409e+00
4.674286148611109581e+00
4.674286148611109581e+00
4.673555771626877409e+00
4.672095017658413951e+00
4.674286148611109581e+00
4.672095017658413951e+00
4.672825394642645236e+00
4.672095017658413951e+00
4.672825394642645236e+00
4.674286148611109581e+00
4.673555771626877409e+00
4.672095017658413951e+00
4.671364640674181778e+00
4.672095017658413951e+00
4.670634263689949606e+00
4.671364640674181778e+00
4.669903886705717433e+00
4.666252001784559233e+00
4.655296347021095293e+00
4.636306545431089887e+00
4.593214303361458306e+00
4.512872835096043644e+00
4.368258192218300806e+00
4.131616049327443640e+00
3.759123787369610170e+00
3.261737061108267888e+00
2.628500215779955962e+00
1.865986644242746184e+00
4.046892319156640383e+00
4.732716307349590146e+00
4.733446684333820542e+00
4.732716307349590146e+00
4.733446684333820542e+00
4.732716307349590146e+00
4.733446684333820542e+00
4.733446684333820542e+00
4.734907438302279559e+00
4.734907438302279559e+00
4.733446684333820542e+00
4.733446684333820542e+00
4.734177061318050050e+00
4.733446684333820542e+00
4.732716307349590146e+00
4.731255553381126688e+00
4.732716307349590146e+00
4.733446684333820542e+00
4.731985930365358861e+00
4.732716307349590146e+00
4.732716307349590146e+00
4.734177061318050939e+00
4.733446684333820542e+00
4.732716307349590146e+00
4.733446684333820542e+00
4.732716307349588369e+00
4.731255553381126688e+00
4.731255553381126688e+00
4.728334045444199774e+00
4.722491029570353938e+00
4.708613866869963971e+00
4.680859541469187590e+00
4.625350890667625059e+00
4.523828489859511137e+00
4.344886128722906804e+00
4.054196088998949676e+00
3.631307815129177552e+00
3.081333946003200097e+00
2.387475810983709756e+00
2.262581346680202277e+00
4.794067974024997625e+00
4.794798351009229798e+00
4.794798351009229798e+00
4.794067974024998513e+00
4.794067974024997625e+00
4.794067974024998513e+00
4.794798351009229798e+00
4.794798351009229798e+00
4.794798351009229798e+00
4.794798351009229798e+00
4.794798351009229798e+00
4.794067974024997625e+00
4.794798351009229798e+00
4.795528727993460194e+00
4.794798351009229798e+00
4.794798351009229798e+00
4.792607220056533279e+00
4.794067974024997625e+00
4.792607220056533279e+00
4.794067974024998513e+00
4.794798351009229798e+00
4.794798351009229798e+00
4.793337597040766340e+00
4.792607220056533279e+00
4.794067974024998513e+00
4.793337597040765452e+00
4.793337597040766340e+00
4.791146466088070710e+00
4.787494581166919616e+00
4.778730057356145089e+00
4.761931386718832648e+00
4.724682160523046015e+00
4.653105216068407657e+00
4.522367735891047680e+00
4.304715394590200361e+00
3.958516704064684255e+00
3.485232418282968148e+00
2.874637259465816275e+00
2.125270473644767844e+00
3.477928648440656190e+00
4.851767755779249569e+00
4.852498132763480854e+00
4.853228509747710362e+00
4.853228509747710362e+00
4.853228509747710362e+00
4.852498132763480854e+00
4.852498132763480854e+00
4.853228509747710362e+00
4.853228509747710362e+00
4.853228509747710362e+00
4.852498132763480854e+00
4.853228509747710362e+00
4.852498132763480854e+00
4.852498132763480854e+00
4.851767755779249569e+00
4.852498132763480854e+00
4.852498132763480854e+00
4.851767755779249569e+00
4.851767755779249569e+00
4.853228509747710362e+00
4.853228509747710362e+00
4.852498132763480854e+00
4.850307001810790553e+00
4.852498132763480854e+00
4.853228509747710362e+00
4.850307001810790553e+00
4.849576624826560156e+00
4.848846247842327983e+00
4.843003231968478595e+00
4.832047577205007549e+00
4.807945136725385815e+00
4.758279501797676225e+00
4.667712755753024467e+00
4.505569065253733463e+00
4.241902973946327648e+00
3.838734878650793547e+00
3.312863450004441823e+00
2.643107755464575881e+00
1.757160473592319860e+00
4.913119422454654384e+00
4.915310553407350014e+00
4.915310553407350014e+00
4.913849799438885668e+00
4.915310553407350014e+00
4.913849799438885668e+00
4.914580176423117841e+00
4.915310553407350014e+00
4.914580176423117841e+00
4.914580176423117841e+00
4.914580176423117841e+00
4.914580176423117841e+00
4.915310553407350014e+00
4.913849799438885668e+00
4.913849799438885668e+00
4.914580176423117841e+00
4.913119422454654384e+00
4.913119422454654384e+00
4.912389045470422211e+00
4.913849799438885668e+00
4.913849799438885668e+00
4.914580176423117841e+00
4.913119422454654384e+00
4.912389045470422211e+00
4.913849799438885668e+00
4.911658668486190038e+00
4.911658668486190038e+00
4.911658668486190038e+00
4.908737160549269340e+00
4.900703013722727874e+00
4.885365097053876227e+00
4.853958886731942535e+00
4.788955335135377744e+00
4.672825394642641683e+00
4.473432477947566710e+00
4.153527358854374185e+00
3.702884759583819907e+00
3.117122418230521497e+00
2.375789779236011867e+00
2.910425731693135898e+00
4.974471089130061863e+00
4.973740712145829690e+00
4.973740712145829690e+00
4.973740712145829690e+00
4.974471089130061863e+00
4.974471089130061863e+00
4.974471089130060975e+00
4.975201466114294035e+00
4.975201466114294035e+00
4.975931843098525320e+00
4.974471089130060975e+00
4.975201466114294035e+00
4.974471089130061863e+00
4.973740712145829690e+00
4.973740712145829690e+00
4.973740712145829690e+00
4.973740712145829690e+00
4.973010335161600182e+00
4.973740712145829690e+00
4.974471089130061863e+00
4.975201466114294035e+00
4.973740712145829690e+00
4.973740712145829690e+00
4.973740712145829690e+00
4.973740712145829690e+00
4.973740712145829690e+00
4.973010335161600182e+00
4.971549581193140277e+00
4.967167319287754346e+00
4.954750910555826060e+00
4.935761108965819766e+00
4.891938489911956012e+00
4.809405890693850161e+00
4.663330493847638536e+00
4.423766843019858008e+00
4.046161942172408210e+00
3.542932200037221868e+00
2.899470076929669737e+00
1.997454501404335669e+00
4.289377477921346049e+00
5.032170870884320024e+00
5.032170870884320024e+00
5.032901247868549532e+00
5.034362001837010325e+00
5.032170870884320024e+00
5.035092378821239834e+00
5.033631624852779041e+00
5.032901247868549532e+00
5.034362001837010325e+00
5.034362001837010325e+00
5.033631624852779041e+00
5.034362001837010325e+00
5.033631624852780817e+00
5.032170870884320024e+00
5.032170870884320024e+00
5.032901247868549532e+00
5.032170870884320024e+00
5.032170870884320024e+00
5.032170870884320024e+00
5.032170870884320024e+00
5.032901247868549532e+00
5.031440493900087851e+00
5.032170870884320024e+00
5.032901247868549532e+00
5.032901247868549532e+00
5.032170870884320024e+00
5.032170870884320024e+00
5.027788608978929652e+00
5.021945593105085592e+00
5.007338053420459900e+00
4.981044481988141648e+00
4.922614323249659307e+00
4.819631168473084593e+00
4.639228053368013249e+00
4.345616505707136312e+00
3.916154838979283515e+00
3.358146823026765926e+00
2.622657199906105685e+00
2.346574699866773805e+00
5.093522537559726615e+00
5.094252914543959676e+00
5.094252914543959676e+00
5.094252914543959676e+00
5.094252914543959676e+00
5.092792160575496219e+00
5.094252914543959676e+00
5.094252914543959676e+00
5.094252914543959676e+00
5.094252914543959676e+00
5.094252914543959676e+00
5.093522537559726615e+00
5.094252914543959676e+00
5.094983291528190072e+00
5.092792160575495330e+00
5.094252914543959676e+00
5.092792160575495330e+00
5.092792160575495330e+00
5.093522537559727503e+00
5.093522537559726615e+00
5.094252914543959676e+00
5.094252914543959676e+00
5.092792160575496219e+00
5.093522537559727503e+00
5.093522537559726615e+00
5.092792160575495330e+00
5.092792160575495330e+00
5.090601029622799700e+00
5.086218767717410216e+00
5.078184620890869638e+00
5.060655573269327689e+00
5.021945593105082040e+00
4.948907894681977560e+00
4.817440037520389851e+00
4.596135811298382556e+00
4.243363727914791994e+00
3.766427557211918131e+00
3.145607120615532271e+00
2.235557398263653628e+00
3.664174779419573813e+00
5.152683073282440240e+00
5.152683073282440240e+00
5.152683073282440240e+00
5.153413450266670637e+00
5.152683073282440240e+00
5.152683073282440240e+00
5.152683073282440240e+00
5.152683073282440240e+00
5.152683073282440240e+00
5.153413450266669749e+00
5.152683073282440240e+00
5.152683073282440240e+00
5.154143827250900145e+00
5.152683073282440240e+00
5.151222319313975895e+00
5.152683073282440240e+00
5.152683073282437576e+00
5.151952696298208068e+00
5.152683073282440240e+00
5.151952696298208068e+00
5.152683073282440240e+00
5.152683073282440240e+00
5.151952696298208068e+00
5.151222319313975895e+00
5.151952696298208068e+00
5.151222319313975895e+00
5.151222319313975895e+00
5.148300811377052533e+00
5.143918549471664825e+00
5.131502140739738316e+00
5.108130077244348755e+00
5.057003688348170378e+00
4.963515434366596146e+00
4.798450235930386221e+00
4.532593013670282112e+00
4.123581902500897733e+00
3.588945950043775923e+00
2.868063866607738266e+00
1.777611029150787614e+00
5.211113232020919916e+00
5.212573985989384262e+00
5.211843609005152089e+00
5.212573985989384262e+00
5.212573985989384262e+00
5.211843609005152089e+00
5.211843609005152089e+00
5.214034739957847719e+00
5.212573985989384262e+00
5.212573985989384262e+00
5.211843609005152089e+00
5.211843609005152089e+00
5.212573985989384262e+00
5.212573985989384262e+00
5.211113232020919916e+00
5.213304362973615547e+00
5.211113232020919916e+00
5.211113232020919916e+00
5.211113232020919916e+00
5.211113232020919916e+00
5.211843609005152089e+00
5.212573985989384262e+00
5.211113232020919916e+00
5.211113232020919916e+00
5.211113232020919916e+00
5.211113232020919916e+00
5.211113232020919916e+00
5.210382855036689520e+00
5.206000593131305365e+00
5.197966446304764787e+00
5.184089283604375709e+00
5.149761565345514214e+00
5.084027636764721692e+00
4.966436942303523949e+00
4.763392140687293441e+00
4.438374382704479260e+00
3.984810275497004284e+00
3.387361902396005320e+00
2.465626148296434117e+00
3.039702457902031973e+00
5.274656029649023914e+00
5.275386406633255199e+00
5.273195275680559568e+00
5.274656029649024802e+00
5.274656029649023026e+00
5.273925652664791741e+00
5.273925652664791741e+00
5.274656029649023914e+00
5.274656029649023026e+00
5.274656029649023914e+00
5.274656029649023914e+00
5.276116783617487371e+00
5.276116783617487371e+00
5.273195275680559568e+00
5.273195275680559568e+00
5.274656029649024802e+00
5.273195275680559568e+00
5.272464898696329172e+00
5.273195275680559568e+00
5.273195275680559568e+00
5.275386406633256087e+00
5.273195275680559568e+00
5.273925652664791741e+00
5.273195275680559568e+00
5.273195275680559568e+00
5.273195275680559568e+00
5.273925652664791741e+00
5.271004144727870155e+00
5.267352259806712844e+00
5.256396605043245351e+00
5.235946049484778264e+00
5.190662676462453717e+00
5.107399700260113029e+00
4.956942041508517249e+00
4.711535374806887333e+00
4.332469719990979407e+00
3.821205831029248490e+00
3.105436386482825828e+00
2.007679779183569657e+00
4.529671505733356085e+00
5.331625434419040133e+00
5.331625434419040133e+00
5.331625434419040133e+00
5.332355811403272305e+00
5.330895057434810624e+00
5.331625434419040133e+00
5.331625434419040133e+00
5.331625434419040133e+00
5.331625434419040133e+00
5.332355811403272305e+00
5.332355811403272305e+00
5.331625434419040133e+00
5.332355811403272305e+00
5.331625434419040133e+00
5.330164680450579340e+00
5.331625434419040133e+00
5.331625434419040133e+00
5.330164680450580228e+00
5.331625434419040133e+00
5.331625434419040133e+00
5.332355811403272305e+00
5.330164680450581116e+00
5.330895057434810624e+00
5.330895057434810624e+00
5.330164680450580228e+00
5.330895057434810624e+00
5.328703926482120323e+00
5.326512795529425581e+00
5.320669779655576193e+00
5.306792616955189779e+00
5.278307914570177672e+00
5.219877755831696220e+00
5.113242716133962418e+00
4.929187716107739092e+00
4.632654660509933464e+00
4.197349977908236163e+00
3.627655930208018020e+00
2.689121505471129492e+00
1.665132973579209974e+00
