-2.317681420257820119e-03
-1.587304436026780105e-03
-8.569274517957400916e-04
-2.317681420257820119e-03
-1.587304436026780105e-03
-2.317681420257820119e-03
-1.587304436026780105e-03
-1.587304436026780105e-03
-1.587304436026780105e-03
-8.569274517957400916e-04
-1.265504675646999969e-04
-1.587304436026780105e-03
-1.265504675646999969e-04
-8.569274517957400916e-04
-3.048058404488860132e-03
-3.778435388719900145e-03
-3.048058404488860132e-03
-3.778435388719900145e-03
-3.778435388719900145e-03
-1.587304436026780105e-03
-3.048058404488860132e-03
-2.317681420257820119e-03
-3.778435388719900145e-03
-2.317681420257820119e-03
-3.048058404488860132e-03
-3.048058404488860132e-03
-3.778435388719900145e-03
-2.317681420257820119e-03
-2.317681420257820119e-03
-1.587304436026780105e-03
-1.265504675646999969e-04
-1.265504675646999969e-04
-1.265504675646999969e-04
-1.265504675646999969e-04
-1.265504675646999969e-04
-1.265504675646999969e-04
-1.265504675646999969e-04
-1.265504675646999969e-04
2.064580485128360114e-03
2.308039479872033180e-03
