5.976436223938068337e-02
5.976436223938068337e-02
5.976436223938068337e-02
5.976436223938068337e-02
5.976436223938068337e-02
5.903398525514964856e-02
5.976436223938068337e-02
5.976436223938068337e-02
5.903398525514964856e-02
6.122511620784276687e-02
5.903398525514964856e-02
5.976436223938068337e-02
6.122511620784276687e-02
5.903398525514964856e-02
5.830360827091860682e-02
5.830360827091860682e-02
5.830360827091860682e-02
5.830360827091860682e-02
5.830360827091860682e-02
5.903398525514964856e-02
5.976436223938068337e-02
5.903398525514964856e-02
5.830360827091860682e-02
5.830360827091860682e-02
5.830360827091860682e-02
5.830360827091860682e-02
5.830360827091860682e-02
5.757323128668756507e-02
5.611247731822548157e-02
5.319096938130132152e-02
4.807833049168404316e-02
3.712267572821838224e-02
2.543664398052169345e-02
1.740249715398025504e-02
1.228985826436291770e-02
8.637973343207722837e-03
7.177219374745668831e-03
5.716465406283581865e-03
6.446842390514626216e-03
4.986088422052538383e-03
1.174641439936330023e-01
1.181945209778640093e-01
1.181945209778640093e-01
1.181945209778640093e-01
1.189248979620949748e-01
1.181945209778640093e-01
1.189248979620950025e-01
1.174641439936329884e-01
1.181945209778640093e-01
1.189248979620950025e-01
1.181945209778639816e-01
1.189248979620950025e-01
1.196552749463259957e-01
1.174641439936329884e-01
1.167337670094019952e-01
1.167337670094019952e-01
1.167337670094019952e-01
1.167337670094019952e-01
1.167337670094019952e-01
1.167337670094019952e-01
1.174641439936329884e-01
1.196552749463259957e-01
1.167337670094019952e-01
1.167337670094019952e-01
1.181945209778639816e-01
1.174641439936329884e-01
1.160033900251707939e-01
1.167337670094019952e-01
1.145426360567084051e-01
1.108907511355529951e-01
1.035869812932429940e-01
8.824906462439137400e-02
6.487700112899803806e-02
4.150493763360464661e-02
2.689739794898377695e-02
1.740249715398025504e-02
1.302023524859397853e-02
1.082910429590079951e-02
8.637973343207722837e-03
7.907596358976694967e-03
1.437577154259501167e-01
1.751639257478850020e-01
1.780854336848090025e-01
1.766246797163470161e-01
1.766246797163470161e-01
1.766246797163470161e-01
1.773550567005780232e-01
1.766246797163470161e-01
1.773550567005779954e-01
1.773550567005780232e-01
1.788158106690400095e-01
1.780854336848090580e-01
1.773550567005780232e-01
1.766246797163470161e-01
1.758943027321159813e-01
1.758943027321159813e-01
1.758943027321159813e-01
1.758943027321159813e-01
1.751639257478850020e-01
1.766246797163470161e-01
1.758943027321159813e-01
1.780854336848090025e-01
1.751639257478850020e-01
1.751639257478850020e-01
1.751639257478850020e-01
1.758943027321159813e-01
1.758943027321159813e-01
1.758943027321159813e-01
1.737031717794229879e-01
1.707816638424989875e-01
1.627475170159569939e-01
1.488703543155676101e-01
1.211160289147880098e-01
8.094529478208094264e-02
4.807833049168403622e-02
3.127965985437002050e-02
2.178475905936649859e-02
1.667212016974922023e-02
1.448098921705610019e-02
1.302023524859397853e-02
1.474096003471057070e-01
2.372459694075240155e-01
2.372459694075240155e-01
2.372459694075240155e-01
2.387067233759860019e-01
2.372459694075240155e-01
2.365155924232929807e-01
2.387067233759860019e-01
2.379763463917549671e-01
2.372459694075240155e-01
2.387067233759860019e-01
2.379763463917549671e-01
2.372459694075240155e-01
2.387067233759860019e-01
2.372459694075240155e-01
2.365155924232929807e-01
2.372459694075240155e-01
2.372459694075240155e-01
2.372459694075240155e-01
2.372459694075240155e-01
2.372459694075240155e-01
2.387067233759860019e-01
2.365155924232929807e-01
2.372459694075240155e-01
2.372459694075240155e-01
2.365155924232929807e-01
2.372459694075240155e-01
2.365155924232929807e-01
2.350548384548309944e-01
2.314029535336754040e-01
2.255599376598270145e-01
2.131435289278993950e-01
1.846588265428885933e-01
1.371843225678708034e-01
8.167567176631197745e-02
4.807833049168403622e-02
3.127965985437002050e-02
2.251513604359754034e-02
1.813287413821130026e-02
1.521136620128714020e-02
1.269590447886364548e-01
2.964065051302380294e-01
2.978672590987000435e-01
2.971368821144689809e-01
2.971368821144689809e-01
2.978672590987000435e-01
2.971368821144689809e-01
2.971368821144689809e-01
2.978672590987000435e-01
2.978672590987000435e-01
2.978672590987000435e-01
2.978672590986999880e-01
2.971368821144690364e-01
2.985976360829310505e-01
2.971368821144689809e-01
2.956761281460070223e-01
2.956761281460070223e-01
2.956761281460070223e-01
2.956761281460070223e-01
2.964065051302379739e-01
2.971368821144689809e-01
2.971368821144689809e-01
2.956761281460070223e-01
2.956761281460070223e-01
2.956761281460070223e-01
2.971368821144689809e-01
2.956761281460070223e-01
2.956761281460070223e-01
2.942153741775450082e-01
2.912938662406209800e-01
2.861812273510037641e-01
2.737648186190758115e-01
2.482016241709893989e-01
2.014574971802026160e-01
1.306109297097915733e-01
7.145039398707739298e-02
4.296569160206672316e-02
3.127965985437002050e-02
2.324551302782857862e-02
1.959362810667337682e-02
8.459717970323618608e-02
3.555670408529529314e-01
3.577581718056460081e-01
3.548366638687220354e-01
3.555670408529529314e-01
3.555670408529530424e-01
3.562974178371839384e-01
3.548366638687220354e-01
3.570277948214150010e-01
3.562974178371839384e-01
3.562974178371839939e-01
3.548366638687219243e-01
3.555670408529529869e-01
3.562974178371839384e-01
3.548366638687220354e-01
3.555670408529530424e-01
3.541062868844909728e-01
3.548366638687219243e-01
3.541062868844909728e-01
3.548366638687219243e-01
3.555670408529529314e-01
3.555670408529529314e-01
3.548366638687220354e-01
3.541062868844909728e-01
3.541062868844909728e-01
3.548366638687220354e-01
3.541062868844909728e-01
3.541062868844909728e-01
3.541062868844909728e-01
3.526455329160285701e-01
3.468025170421799586e-01
3.358468622787146307e-01
3.139355527517831979e-01
2.686521797294585401e-01
1.948841043221229696e-01
1.086996201828603903e-01
5.976436223938073194e-02
4.077456064937360486e-02
2.908852890167689526e-02
2.397589001205962037e-02
1.959362810667337682e-02
4.176490845125909734e-01
4.183794614968220360e-01
4.176490845125909734e-01
4.176490845125909734e-01
4.183794614968220360e-01
4.169187075283599664e-01
4.176490845125909734e-01
4.183794614968220360e-01
4.161883305441289593e-01
4.176490845125909734e-01
4.191098384810530431e-01
4.176490845125909734e-01
4.183794614968220360e-01
4.176490845125909734e-01
4.161883305441289593e-01
4.161883305441289593e-01
4.176490845125909734e-01
4.161883305441289593e-01
4.161883305441289593e-01
4.169187075283599664e-01
4.169187075283599664e-01
4.176490845125909734e-01
4.161883305441289593e-01
4.161883305441289593e-01
4.176490845125909734e-01
4.161883305441289593e-01
4.161883305441289593e-01
4.161883305441289593e-01
4.147275765756669452e-01
4.088845607018189443e-01
3.993896599068150199e-01
3.796694813325771634e-01
3.409595011683317911e-01
2.686521797294587621e-01
1.663994019371123900e-01
8.532755668746709599e-02
5.099983842860820321e-02
3.712267572821838224e-02
2.981890588590793700e-02
2.397589001205962037e-02
3.869732511748876780e-01
4.782703742037680006e-01
4.782703742037680006e-01
4.782703742037680006e-01
4.782703742037680006e-01
4.775399972195369935e-01
4.782703742037680006e-01
4.775399972195369935e-01
4.782703742037680006e-01
4.782703742037680006e-01
4.782703742037680006e-01
4.782703742037680006e-01
4.782703742037680006e-01
4.782703742037680006e-01
4.768096202353059310e-01
4.768096202353060420e-01
4.768096202353060420e-01
4.782703742037680006e-01
4.768096202353059310e-01
4.775399972195369935e-01
4.775399972195369935e-01
4.782703742037680006e-01
4.760792432510750349e-01
4.768096202353059310e-01
4.760792432510749239e-01
4.768096202353060420e-01
4.775399972195369935e-01
4.775399972195369935e-01
4.746184892826129653e-01
4.695058503929955829e-01
4.629324575349159643e-01
4.454034099133707403e-01
4.088845607018187778e-01
3.438810091052560414e-01
2.372459694075237935e-01
1.240375368517121074e-01
6.633775509746009380e-02
4.442644557052884136e-02
3.493154477552522230e-02
2.762777493321481523e-02
3.314646003733282553e-01
5.367005329422509519e-01
5.367005329422509519e-01
5.367005329422509519e-01
5.359701559580198893e-01
5.352397789737889378e-01
5.359701559580198893e-01
5.367005329422509519e-01
5.352397789737889378e-01
5.367005329422509519e-01
5.367005329422509519e-01
5.367005329422509519e-01
5.359701559580198893e-01
5.367005329422509519e-01
5.345094019895578752e-01
5.352397789737889378e-01
5.337790250053269236e-01
5.352397789737889378e-01
5.345094019895578752e-01
5.352397789737889378e-01
5.345094019895578752e-01
5.367005329422509519e-01
5.352397789737889378e-01
5.345094019895578752e-01
5.352397789737889378e-01
5.352397789737889378e-01
5.337790250053269236e-01
5.345094019895579862e-01
5.323182710368650206e-01
5.293967630999409923e-01
5.228233702418614293e-01
5.074854535730095595e-01
4.753488662668437503e-01
4.154579535598979523e-01
3.139355527517834199e-01
1.788158106690403981e-01
8.678831065592917948e-02
5.465172334976340501e-02
4.077456064937361874e-02
3.274041382283209706e-02
2.562357709975311426e-01
5.980521996176590971e-01
5.987825766018900486e-01
5.987825766018900486e-01
5.973218226334280345e-01
5.980521996176590971e-01
5.980521996176590971e-01
5.987825766018900486e-01
5.980521996176590971e-01
5.973218226334280345e-01
5.987825766018900486e-01
5.987825766018900486e-01
5.987825766018900486e-01
5.987825766018900486e-01
5.973218226334280345e-01
5.980521996176590971e-01
5.980521996176590971e-01
5.965914456491969720e-01
5.973218226334280345e-01
5.965914456491969720e-01
5.980521996176590971e-01
5.973218226334280345e-01
5.973218226334280345e-01
5.958610686649660204e-01
5.958610686649660204e-01
5.973218226334280345e-01
5.958610686649660204e-01
5.973218226334280345e-01
5.965914456491969720e-01
5.929395607280419922e-01
5.856357908857310335e-01
5.732193821538034140e-01
5.454650567530240357e-01
4.914171599199268492e-01
3.950073980014289776e-01
2.547750170290690175e-01
1.218464058990191140e-01
7.072001700284635817e-02
4.880870747591507797e-02
3.931380668091152136e-02
1.576348781263403054e-01
6.550216043876799787e-01
6.542912274034489162e-01
6.557519813719110413e-01
6.564823583561419929e-01
6.557519813719110413e-01
6.557519813719110413e-01
6.564823583561419929e-01
6.557519813719110413e-01
6.564823583561419929e-01
6.557519813719110413e-01
6.550216043876799787e-01
6.564823583561419929e-01
6.557519813719110413e-01
6.550216043876799787e-01
6.542912274034489162e-01
6.564823583561419929e-01
6.535608504192179646e-01
6.542912274034489162e-01
6.550216043876799787e-01
6.542912274034489162e-01
6.550216043876799787e-01
6.550216043876799787e-01
6.535608504192179646e-01
6.535608504192179646e-01
6.550216043876799787e-01
6.535608504192179646e-01
6.542912274034489162e-01
6.535608504192179646e-01
6.506393424822940474e-01
6.447963266084457690e-01
6.345710488292108931e-01
6.090078543811244804e-01
5.608029734218756834e-01
4.746184892826126323e-01
3.351164852944834571e-01
1.722424178109610016e-01
8.751868764016025593e-02
5.830360827091862763e-02
4.661757652322195966e-02
3.785305271244940317e-02
7.156428940788569504e-01
7.156428940788569504e-01
7.163732710630880129e-01
7.171036480473189645e-01
7.163732710630880129e-01
7.156428940788569504e-01
7.171036480473189645e-01
7.171036480473189645e-01
7.171036480473189645e-01
7.163732710630880129e-01
7.178340250315500271e-01
7.171036480473189645e-01
7.185644020157810896e-01
7.171036480473189645e-01
7.156428940788569504e-01
7.156428940788569504e-01
7.171036480473189645e-01
7.163732710630880129e-01
7.156428940788569504e-01
7.156428940788569504e-01
7.163732710630880129e-01
7.171036480473189645e-01
7.156428940788569504e-01
7.156428940788569504e-01
7.171036480473189645e-01
7.156428940788569504e-01
7.156428940788569504e-01
7.149125170946259988e-01
7.127213861419330332e-01
7.083391242365459917e-01
6.988442234415430665e-01
6.762025369303805711e-01
6.323799178765179274e-01
5.534992035795655019e-01
4.234921003864397515e-01
2.430889852813721552e-01
1.130818820882464604e-01
6.925926303438427467e-02
5.099983842860820321e-02
4.077456064937361874e-02
6.287280329553630587e-01
7.740730528173398461e-01
7.755338067858023043e-01
7.755338067858023043e-01
7.762641837700334779e-01
7.755338067858021933e-01
7.762641837700335889e-01
7.777249377384960471e-01
7.769945607542647625e-01
7.762641837700334779e-01
7.769945607542648736e-01
7.762641837700334779e-01
7.777249377384960471e-01
7.762641837700335889e-01
7.748034298015710197e-01
7.740730528173398461e-01
7.748034298015710197e-01
7.748034298015711308e-01
7.740730528173398461e-01
7.740730528173398461e-01
7.748034298015711308e-01
7.769945607542648736e-01
7.740730528173398461e-01
7.740730528173398461e-01
7.748034298015711308e-01
7.740730528173398461e-01
7.740730528173398461e-01
7.740730528173398461e-01
7.726122988488779431e-01
7.682300369434920118e-01
7.594655131327192610e-01
7.404757115427124115e-01
7.017657313784672057e-01
6.294584099395940102e-01
5.082158305572406221e-01
3.256215844994799768e-01
1.517918622524916106e-01
8.167567176631199133e-02
5.830360827091862763e-02
4.588719953899091791e-02
5.199018623049374010e-01
8.368854734612100055e-01
8.390766044139029711e-01
8.376158504454410680e-01
8.390766044139030821e-01
8.383462274296722416e-01
8.368854734612100055e-01
8.383462274296720196e-01
8.383462274296722416e-01
8.383462274296720196e-01
8.390766044139030821e-01
8.383462274296720196e-01
8.398069813981340337e-01
8.390766044139030821e-01
8.376158504454410680e-01
8.361550964769790539e-01
8.361550964769790539e-01
8.376158504454410680e-01
8.361550964769790539e-01
8.368854734612100055e-01
8.361550964769790539e-01
8.390766044139030821e-01
8.368854734612100055e-01
8.361550964769790539e-01
8.376158504454410680e-01
8.368854734612100055e-01
8.361550964769790539e-01
8.361550964769790539e-01
8.346943425085170398e-01
8.310424575873615050e-01
8.237386877450509903e-01
8.076703940919683911e-01
7.733426758331092277e-01
7.076087472523152622e-01
5.951306916807346248e-01
4.205705924495154457e-01
2.116827749594372143e-01
1.035869812932429246e-01
6.925926303438427467e-02
5.319096938130132152e-02
3.855124972064256639e-01
8.967763861681555815e-01
8.975067631523867551e-01
8.982371401366180397e-01
8.975067631523867551e-01
8.982371401366180397e-01
8.975067631523867551e-01
8.982371401366180397e-01
8.975067631523867551e-01
8.975067631523867551e-01
8.982371401366180397e-01
8.975067631523867551e-01
8.982371401366180397e-01
8.982371401366180397e-01
8.953156321996932343e-01
8.953156321996932343e-01
8.982371401366180397e-01
8.967763861681555815e-01
8.953156321996932343e-01
8.967763861681555815e-01
8.975067631523867551e-01
8.967763861681555815e-01
8.960460091839242969e-01
8.960460091839242969e-01
8.953156321996932343e-01
8.975067631523867551e-01
8.953156321996932343e-01
8.960460091839242969e-01
8.953156321996932343e-01
8.916637472785378105e-01
8.850903544204588025e-01
8.719435687042997873e-01
8.405373583823652073e-01
7.835679536123439926e-01
6.783936678830734257e-01
5.147892234153201851e-01
2.905634892563902505e-01
1.306109297097914068e-01
7.875416382938783821e-02
5.903398525514966938e-02
2.299421995652136397e-01
9.566672988751008244e-01
9.559369218908699839e-01
9.566672988751008244e-01
9.566672988751008244e-01
9.566672988751008244e-01
9.559369218908699839e-01
9.573976758593319980e-01
9.581280528435629495e-01
9.573976758593319980e-01
9.573976758593319980e-01
9.566672988751008244e-01
9.566672988751008244e-01
9.566672988751008244e-01
9.566672988751008244e-01
9.559369218908699839e-01
9.559369218908699839e-01
9.559369218908699839e-01
9.559369218908699839e-01
9.559369218908699839e-01
9.566672988751008244e-01
9.573976758593319980e-01
9.566672988751008244e-01
9.559369218908699839e-01
9.566672988751008244e-01
9.566672988751008244e-01
9.559369218908699839e-01
9.559369218908699839e-01
9.552065449066390324e-01
9.522850369697148931e-01
9.471723980800973441e-01
9.340256123639386621e-01
9.077320409316211869e-01
8.558752750512168550e-01
7.623870210696438443e-01
6.075471004126626884e-01
3.833213662537321431e-01
1.722424178109607795e-01
9.190094954554647866e-02
6.633775509746012156e-02
5.246059239707027977e-02
1.015827834597812007e+00
1.015827834597812007e+00
1.015827834597812007e+00
1.016558211582043958e+00
1.015827834597812007e+00
1.015827834597812007e+00
1.016558211582043958e+00
1.018018965550508081e+00
1.016558211582043958e+00
1.017288588566275909e+00
1.017288588566275909e+00
1.018018965550508081e+00
1.017288588566275909e+00
1.018018965550508081e+00
1.015097457613580056e+00
1.015827834597812007e+00
1.017288588566275909e+00
1.015097457613580056e+00
1.015097457613580056e+00
1.016558211582043958e+00
1.015827834597812007e+00
1.017288588566275909e+00
1.015097457613580056e+00
1.015097457613580056e+00
1.015097457613580056e+00
1.015097457613580056e+00
1.015097457613580056e+00
1.015827834597812007e+00
1.012906326660890199e+00
1.007793687771270097e+00
9.968380330078060458e-01
9.741963464966459929e-01
9.274522195058594320e-01
8.434588663192894575e-01
7.010353543942360321e-01
4.848437670618471751e-01
2.365155924232925921e-01
1.123515051040155227e-01
7.656303287669469215e-02
5.976436223938071113e-02
8.726739456885287405e-01
1.077179501273219930e+00
1.077179501273219930e+00
1.076449124288987758e+00
1.077179501273219930e+00
1.076449124288987758e+00
1.077179501273219930e+00
1.077179501273219930e+00
1.077179501273219930e+00
1.077179501273219930e+00
1.077179501273219930e+00
1.077179501273219930e+00
1.077179501273219930e+00
1.077179501273219930e+00
1.077179501273219930e+00
1.077179501273219930e+00
1.076449124288987758e+00
1.077179501273219930e+00
1.075718747304755807e+00
1.077179501273219930e+00
1.077179501273219930e+00
1.077179501273219930e+00
1.076449124288987758e+00
1.077179501273219930e+00
1.077179501273219930e+00
1.077179501273219930e+00
1.076449124288987758e+00
1.075718747304755807e+00
1.072797239367830002e+00
1.069145354446676022e+00
1.060380830635903937e+00
1.040660652061668134e+00
1.000489917928961914e+00
9.238003345847036751e-01
7.923324774231161882e-01
5.870965448541931586e-01
3.205089456098628165e-01
1.401058305047950259e-01
8.751868764016032531e-02
6.706813208169115637e-02
7.039568623311563966e-01
1.135609660011700051e+00
1.135609660011700051e+00
1.134879283027470098e+00
1.136340036995932001e+00
1.135609660011700051e+00
1.134879283027470098e+00
1.135609660011700051e+00
1.135609660011700051e+00
1.135609660011700051e+00
1.135609660011700051e+00
1.135609660011700051e+00
1.136340036995932001e+00
1.136340036995932001e+00
1.134879283027470098e+00
1.133418529059009972e+00
1.135609660011700051e+00
1.134879283027470098e+00
1.133418529059009972e+00
1.133418529059009972e+00
1.134879283027470098e+00
1.134879283027470098e+00
1.134148906043239924e+00
1.133418529059009972e+00
1.134148906043239924e+00
1.134879283027470098e+00
1.133418529059009972e+00
1.133418529059010194e+00
1.131227398106318116e+00
1.129036267153624040e+00
1.121002120327083684e+00
1.104203449689767913e+00
1.066954223493983944e+00
1.000489917928962802e+00
8.792473385466104130e-01
6.886189456623084126e-01
4.183794614968222025e-01
1.817373186059645929e-01
1.021262273247810215e-01
7.437190192400157385e-02
5.155196003995492493e-01
1.195500572718649845e+00
1.196961326687109750e+00
1.196961326687109750e+00
1.196961326687109750e+00
1.196961326687109750e+00
1.196961326687109750e+00
1.195500572718649845e+00
1.197691703671339924e+00
1.196961326687109750e+00
1.198422080655571875e+00
1.197691703671339924e+00
1.197691703671339924e+00
1.196961326687109750e+00
1.196961326687109972e+00
1.194770195734420115e+00
1.197691703671339924e+00
1.196230949702880020e+00
1.196230949702880020e+00
1.196230949702880020e+00
1.197691703671339924e+00
1.196961326687109750e+00
1.196230949702879798e+00
1.194770195734419671e+00
1.194039818750189941e+00
1.196230949702880020e+00
1.194770195734420115e+00
1.194770195734420115e+00
1.194770195734420115e+00
1.190387933829031963e+00
1.183084163986724002e+00
1.168476624302097866e+00
1.137070413980165950e+00
1.075718747304756029e+00
9.683533306227964932e-01
7.901413464704232226e-01
5.272056321472476936e-01
2.452801162340653707e-01
1.218464058990190030e-01
8.459717970323615832e-02
3.059014059252403994e-01
1.256121862409820045e+00
1.256121862409820045e+00
1.256852239394051995e+00
1.256852239394051995e+00
1.256121862409820045e+00
1.256121862409820045e+00
1.256121862409820045e+00
1.256121862409820045e+00
1.256852239394051995e+00
1.256852239394051995e+00
1.256121862409820045e+00
1.256121862409820045e+00
1.256121862409820045e+00
1.256852239394051995e+00
1.255391485425590092e+00
1.256121862409820045e+00
1.256121862409820045e+00
1.254661108441360140e+00
1.255391485425590092e+00
1.256121862409820045e+00
1.256121862409820045e+00
1.256121862409820045e+00
1.255391485425590314e+00
1.256121862409820045e+00
1.255391485425590092e+00
1.256121862409820045e+00
1.255391485425590092e+00
1.254661108441359918e+00
1.251009223520206159e+00
1.245896584630588055e+00
1.233480175898661768e+00
1.204265096529419932e+00
1.150947576680555695e+00
1.052346683809364025e+00
8.880118623573828307e-01
6.389533107345973795e-01
3.314646003733281998e-01
1.488703543155674158e-01
9.555283446670163883e-02
7.364152493977052516e-02
1.316012775116769840e+00
1.315282398132539887e+00
1.316743152100999792e+00
1.316012775116769840e+00
1.316012775116770062e+00
1.316743152100999792e+00
1.318203906069459919e+00
1.317473529085229966e+00
1.315282398132539887e+00
1.317473529085229966e+00
1.317473529085229966e+00
1.317473529085229966e+00
1.317473529085229966e+00
1.316012775116769840e+00
1.314552021148309935e+00
1.315282398132539665e+00
1.315282398132539665e+00
1.314552021148309935e+00
1.315282398132539887e+00
1.316012775116769840e+00
1.316012775116769840e+00
1.316012775116769840e+00
1.314552021148309935e+00
1.315282398132539887e+00
1.316012775116770062e+00
1.315282398132539887e+00
1.315282398132539887e+00
1.314552021148309935e+00
1.311630513211381910e+00
1.306517874321767803e+00
1.294831842574069913e+00
1.270729402094445959e+00
1.224715652087887907e+00
1.134879283027471875e+00
9.851520012601093779e-01
7.485098583692538776e-01
4.337173781656742944e-01
1.883107114640437951e-01
1.079692431986293694e-01
8.021491779784988008e-02
1.113698350484772837e+00
1.374442933855254179e+00
1.375903687823718080e+00
1.375903687823718080e+00
1.375173310839486129e+00
1.375903687823718080e+00
1.376634064807950031e+00
1.375173310839486129e+00
1.375903687823718080e+00
1.376634064807950031e+00
1.376634064807950031e+00
1.376634064807950031e+00
1.376634064807950031e+00
1.376634064807950031e+00
1.373712556871022006e+00
1.373712556871022006e+00
1.374442933855254179e+00
1.374442933855254179e+00
1.372982179886790055e+00
1.375173310839486129e+00
1.373712556871022006e+00
1.377364441792180205e+00
1.372982179886790055e+00
1.374442933855254179e+00
1.375173310839486129e+00
1.375173310839486129e+00
1.372982179886790055e+00
1.372982179886790055e+00
1.372251802902560103e+00
1.367139164012943997e+00
1.356913886233711786e+00
1.335732953691010083e+00
1.293371088605610009e+00
1.215220751292886092e+00
1.077179501273218154e+00
8.573360290196786471e-01
5.483865646899479529e-01
2.496623781394515795e-01
1.254982908201742187e-01
8.897944160862242269e-02
8.931245012470008238e-01
1.438716108467589905e+00
1.438716108467589905e+00
1.437985731483357954e+00
1.438716108467589905e+00
1.438716108467589905e+00
1.437985731483357954e+00
1.438716108467589905e+00
1.438716108467589905e+00
1.438716108467589905e+00
1.438716108467589905e+00
1.437985731483357954e+00
1.438716108467589905e+00
1.437985731483357954e+00
1.437985731483357954e+00
1.437985731483357954e+00
1.437985731483357954e+00
1.437985731483357954e+00
1.436524977514893830e+00
1.437255354499126003e+00
1.437255354499126003e+00
1.439446485451819857e+00
1.437255354499126003e+00
1.436524977514893830e+00
1.438716108467589905e+00
1.438716108467589905e+00
1.437985731483357954e+00
1.435794600530661880e+00
1.435064223546429929e+00
1.431412338625271952e+00
1.422647814814502087e+00
1.403658013224495793e+00
1.367139164012945995e+00
1.295562219558300088e+00
1.170667755254792164e+00
9.690837076070263345e-01
6.674380131196080423e-01
3.336557313260215540e-01
1.525222392367226176e-01
1.006654733563188825e-01
6.477178345453690200e-01
1.497146267206070025e+00
1.497146267206070025e+00
1.497146267206070025e+00
1.497146267206070025e+00
1.497146267206070025e+00
1.496415890221837852e+00
1.496415890221837852e+00
1.497146267206070025e+00
1.496415890221837852e+00
1.497876644190299755e+00
1.496415890221837852e+00
1.497146267206070025e+00
1.497146267206070025e+00
1.496415890221837852e+00
1.495685513237605901e+00
1.497146267206070025e+00
1.495685513237605901e+00
1.496415890221837852e+00
1.496415890221837852e+00
1.497146267206070025e+00
1.497876644190300199e+00
1.494955136253373951e+00
1.494955136253373951e+00
1.495685513237605901e+00
1.496415890221837852e+00
1.494224759269142000e+00
1.494955136253373951e+00
1.494224759269142000e+00
1.490572874347990240e+00
1.482538727521446109e+00
1.467200810852595794e+00
1.432873092593736075e+00
1.371521425918329928e+00
1.257582616378287721e+00
1.071336485399371430e+00
7.857590845650369582e-01
4.359085091183671490e-01
1.883107114640437396e-01
1.130818820882465853e-01
3.803998583168081149e-01
1.556306802928781874e+00
1.557037179913014047e+00
1.557037179913014047e+00
1.557037179913014047e+00
1.558497933881477948e+00
1.556306802928781874e+00
1.557037179913014047e+00
1.558497933881477948e+00
1.557037179913014047e+00
1.558497933881477948e+00
1.556306802928781874e+00
1.557767556897245997e+00
1.557767556897245997e+00
1.557037179913014047e+00
1.555576425944549923e+00
1.555576425944549923e+00
1.555576425944549923e+00
1.555576425944549923e+00
1.556306802928781874e+00
1.555576425944549923e+00
1.557767556897245997e+00
1.557767556897245997e+00
1.555576425944549923e+00
1.555576425944549923e+00
1.555576425944549923e+00
1.555576425944549923e+00
1.555576425944549923e+00
1.554846048960319971e+00
1.552654918007629892e+00
1.546811902133779837e+00
1.533665116417622043e+00
1.503719660064148034e+00
1.447480632278357993e+00
1.345227854486011898e+00
1.172128509223255843e+00
9.062712869631580626e-01
5.520384496111032657e-01
2.445497392498341971e-01
1.291501757413294205e-01
9.263132652977759673e-02
1.614736961667269766e+00
1.614006584683040035e+00
1.614736961667269766e+00
1.614006584683040035e+00
1.614006584683040035e+00
1.614736961667270210e+00
1.614736961667270210e+00
1.614006584683040035e+00
1.614736961667270210e+00
1.614006584683040035e+00
1.614736961667269766e+00
1.614006584683040035e+00
1.614736961667270210e+00
1.614736961667269766e+00
1.613276207698807863e+00
1.614006584683040035e+00
1.614006584683040035e+00
1.614006584683040035e+00
1.614006584683040035e+00
1.613276207698807863e+00
1.614736961667270210e+00
1.614736961667269766e+00
1.613276207698807863e+00
1.613276207698807863e+00
1.613276207698807863e+00
1.613276207698807863e+00
1.613276207698807863e+00
1.613276207698807863e+00
1.610354699761880060e+00
1.604511683888034002e+00
1.592825652140333892e+00
1.569453588644940112e+00
1.518327199748771950e+00
1.427030076719888019e+00
1.269999025110216007e+00
1.020940473487428779e+00
6.740114059776873834e-01
3.212393225940936015e-01
1.503311082840295965e-01
1.013958503405498757e-01
1.359105017186400088e+00
1.676088628342669917e+00
1.677549382311134041e+00
1.676819005326902090e+00
1.678279759295365992e+00
1.676819005326902090e+00
1.677549382311134041e+00
1.676819005326902090e+00
1.678279759295365992e+00
1.677549382311134041e+00
1.678279759295365992e+00
1.677549382311134041e+00
1.676819005326902090e+00
1.677549382311134041e+00
1.676088628342669917e+00
1.676088628342672138e+00
1.676819005326902090e+00
1.676088628342669917e+00
1.676088628342669917e+00
1.676819005326902090e+00
1.676088628342669917e+00
1.678279759295365992e+00
1.675358251358439743e+00
1.676088628342669917e+00
1.676819005326902090e+00
1.676088628342669917e+00
1.674627874374210013e+00
1.676088628342669917e+00
1.672436743421517935e+00
1.668054481516132004e+00
1.659289957705360141e+00
1.635917894209968138e+00
1.592095275156104162e+00
1.511023429906457993e+00
1.367869540997176170e+00
1.137800790964396125e+00
8.025577552023508421e-01
4.234921003864395850e-01
1.839284495586575863e-01
1.167337670094017871e-01
1.079370632225913340e+00
1.738170672002310013e+00
1.738170672002310013e+00
1.737440295018080061e+00
1.737440295018080061e+00
1.736709918033849886e+00
1.737440295018080061e+00
1.738170672002311790e+00
1.738170672002310013e+00
1.738170672002310013e+00
1.738170672002310013e+00
1.738170672002310013e+00
1.737440295018080061e+00
1.737440295018080061e+00
1.736709918033849886e+00
1.735979541049619712e+00
1.737440295018080061e+00
1.736709918033849886e+00
1.735979541049620156e+00
1.736709918033849886e+00
1.737440295018080061e+00
1.738170672002311790e+00
1.736709918033849886e+00
1.735979541049620156e+00
1.736709918033849886e+00
1.737440295018080061e+00
1.735979541049619712e+00
1.735249164065390204e+00
1.734518787081160029e+00
1.731597279144234225e+00
1.722102378349231966e+00
1.703112576759226116e+00
1.664402596594975803e+00
1.589173767219178135e+00
1.459897041010286056e+00
1.248087715583281909e+00
9.311041044270123024e-01
5.410827948476373273e-01
2.321333305179066053e-01
1.306109297097914068e-01
7.784553147227264436e-01
1.796600830740799903e+00
1.798061584709260030e+00
1.796600830740799903e+00
1.796600830740799903e+00
1.797331207725030300e+00
1.795870453756567953e+00
1.797331207725029856e+00
1.798061584709260030e+00
1.796600830740799903e+00
1.797331207725030300e+00
1.796600830740799903e+00
1.796600830740799903e+00
1.797331207725029856e+00
1.796600830740799903e+00
1.796600830740799903e+00
1.796600830740799903e+00
1.796600830740799903e+00
1.796600830740799903e+00
1.795870453756567953e+00
1.796600830740799903e+00
1.798061584709260030e+00
1.796600830740798127e+00
1.795140076772336002e+00
1.796600830740799903e+00
1.797331207725030300e+00
1.795870453756567953e+00
1.795140076772336002e+00
1.793679322803872100e+00
1.790757814866950071e+00
1.783454045024637891e+00
1.768116128355786021e+00
1.732327656128465732e+00
1.667324104531902051e+00
1.549733410070706086e+00
1.356183509249478281e+00
1.057459322698983240e+00
6.674380131196077093e-01
3.037102749725487660e-01
1.488703543155674158e-01
4.578198186452990259e-01
1.856491743447743925e+00
1.855761366463511974e+00
1.855761366463511974e+00
1.856491743447743925e+00
1.855761366463511974e+00
1.855761366463511974e+00
1.856491743447743925e+00
1.856491743447743925e+00
1.855030989479280024e+00
1.857222120431976098e+00
1.855761366463511974e+00
1.856491743447743925e+00
1.857222120431976098e+00
1.855761366463511974e+00
1.855030989479280024e+00
1.855030989479280024e+00
1.855030989479280024e+00
1.855030989479280024e+00
1.855030989479280024e+00
1.855761366463511974e+00
1.856491743447743925e+00
1.856491743447743925e+00
1.854300612495048073e+00
1.855030989479280024e+00
1.855030989479280024e+00
1.855030989479280024e+00
1.855030989479280024e+00
1.853570235510816122e+00
1.851379104558120048e+00
1.845536088684276210e+00
1.830928548999654071e+00
1.800983092646184058e+00
1.742552933907697721e+00
1.635917894209968138e+00
1.457705910057591980e+00
1.179432279065563804e+00
7.989058702811955293e-01
3.971985289541222208e-01
1.766246797163471827e-01
1.167337670094015928e-01
1.916382656154687947e+00
1.917113033138920120e+00
1.916382656154687947e+00
1.917113033138920120e+00
1.917113033138920120e+00
1.916382656154687947e+00
1.917113033138920120e+00
1.917113033138920120e+00
1.917113033138920120e+00
1.917113033138920120e+00
1.916382656154687947e+00
1.917113033138920120e+00
1.917113033138920120e+00
1.916382656154685948e+00
1.916382656154687947e+00
1.916382656154687947e+00
1.914921902186224045e+00
1.915652279170455996e+00
1.914921902186224045e+00
1.916382656154687947e+00
1.915652279170455996e+00
1.917113033138920120e+00
1.913461148217760144e+00
1.915652279170455996e+00
1.917113033138920120e+00
1.914921902186224045e+00
1.914191525201992095e+00
1.914191525201992095e+00
1.911270017265069843e+00
1.906157378375451517e+00
1.894471346627756292e+00
1.869638529163899721e+00
1.816321009315035706e+00
1.722102378349229967e+00
1.559228310865707900e+00
1.302135612416380095e+00
9.332952353797059342e-01
5.125980924626269974e-01
2.182561678175166109e-01
1.298805527255603720e-01
1.600859798966877134e+00
1.973352060924710161e+00
1.974812814893169843e+00
1.974082437908939891e+00
1.974812814893169843e+00
1.974812814893169843e+00
1.975543191877400018e+00
1.974812814893170287e+00
1.974812814893169843e+00
1.974082437908939891e+00
1.975543191877400018e+00
1.974812814893170287e+00
1.974812814893170287e+00
1.976273568861631968e+00
1.972621683940479986e+00
1.973352060924710161e+00
1.971891306956250034e+00
1.974082437908939891e+00
1.972621683940479986e+00
1.974082437908939891e+00
1.972621683940479986e+00
1.975543191877400018e+00
1.972621683940479986e+00
1.972621683940479986e+00
1.973352060924710161e+00
1.974082437908940335e+00
1.972621683940479986e+00
1.973352060924710161e+00
1.970430552987786132e+00
1.966048291082400201e+00
1.955092636318933597e+00
1.933911703776232116e+00
1.887167576785445888e+00
1.803174223598875914e+00
1.655638072784206161e+00
1.417535175924885982e+00
1.063302338572832184e+00
6.418748186715215187e-01
2.766863265560000062e-01
1.466792233628743947e-01
1.266347140189063580e+00
2.035434104584350035e+00
2.035434104584350035e+00
2.034703727600120082e+00
2.036894858552809495e+00
2.034703727600120082e+00
2.033973350615890130e+00
2.036164481568579987e+00
2.035434104584350035e+00
2.035434104584349591e+00
2.036164481568579987e+00
2.036164481568579987e+00
2.036164481568579987e+00
2.036164481568579543e+00
2.033973350615890130e+00
2.033973350615890130e+00
2.033973350615890130e+00
2.033973350615890130e+00
2.033973350615890130e+00
2.034703727600120082e+00
2.033973350615890130e+00
2.035434104584350035e+00
2.034703727600120082e+00
2.034703727600120082e+00
2.033973350615890130e+00
2.035434104584350035e+00
2.033973350615890130e+00
2.033242973631657957e+00
2.031782219663194056e+00
2.027399957757808124e+00
2.020096187915495722e+00
1.999645632357025749e+00
1.960205275208551923e+00
1.885706822816983763e+00
1.750587080734240075e+00
1.532934739433390092e+00
1.200613211608265729e+00
7.799160686911885687e-01
3.643315646637251826e-01
1.707816638424989875e-01
9.128446798212355162e-01
2.095325017291290060e+00
2.096055394275520012e+00
2.095325017291290060e+00
2.096055394275520012e+00
2.096055394275520012e+00
2.095325017291290060e+00
2.096055394275520012e+00
2.096055394275520012e+00
2.096055394275520012e+00
2.096055394275520012e+00
2.096055394275520012e+00
2.096055394275520012e+00
2.096785771259752185e+00
2.096055394275520012e+00
2.096055394275520012e+00
2.094594640307060107e+00
2.095325017291290060e+00
2.093133886338599758e+00
2.094594640307060107e+00
2.096055394275520012e+00
2.096785771259752185e+00
2.096055394275522232e+00
2.094594640307060107e+00
2.096055394275520012e+00
2.096785771259752185e+00
2.093864263322829711e+00
2.093133886338599758e+00
2.093133886338599758e+00
2.089482001417441559e+00
2.081447854590903646e+00
2.066109937922051554e+00
2.029591088710500202e+00
1.963857160129703683e+00
1.841884203763121786e+00
1.641760910083814196e+00
1.329889937817160028e+00
9.186876956950861262e-01
4.731577353141509512e-01
2.036486281328955816e-01
5.381612869107122998e-01
2.155946306982469807e+00
2.156676683966699759e+00
2.157407060950929711e+00
2.155946306982469807e+00
2.157407060950929711e+00
2.156676683966699759e+00
2.155946306982469363e+00
2.158137437935160108e+00
2.156676683966699759e+00
2.157407060950929711e+00
2.157407060950929711e+00
2.157407060950929711e+00
2.157407060950929711e+00
2.155215929998239410e+00
2.154485553014009458e+00
2.155215929998239410e+00
2.154485553014009458e+00
2.155946306982469363e+00
2.155215929998239410e+00
2.156676683966699759e+00
2.155946306982469807e+00
2.155946306982469363e+00
2.154485553014007682e+00
2.154485553014009458e+00
2.155215929998239410e+00
2.154485553014009458e+00
2.154485553014009458e+00
2.153755176029777285e+00
2.150833668092851703e+00
2.142799521266312013e+00
2.129652735550151998e+00
2.098976902212448259e+00
2.038355612521272064e+00
1.931720572823540039e+00
1.748395949781549774e+00
1.458436287041823931e+00
1.059650453651675539e+00
6.002433305703518407e-01
2.533142630606067813e-01
1.459488463786434154e-01
2.212915711752490022e+00
2.212915711752490022e+00
2.212915711752490022e+00
2.212185334768260070e+00
2.212915711752490022e+00
2.212185334768260070e+00
2.212915711752490022e+00
2.212915711752490022e+00
2.212915711752490022e+00
2.213646088736722195e+00
2.212915711752490022e+00
2.213646088736722195e+00
2.212915711752490022e+00
2.213646088736722195e+00
2.212915711752490022e+00
2.212915711752490022e+00
2.212915711752490022e+00
2.212915711752490022e+00
2.212915711752490022e+00
2.212915711752490022e+00
2.212915711752491799e+00
2.212915711752490022e+00
2.212185334768260070e+00
2.212185334768260070e+00
2.212185334768260070e+00
2.212915711752490022e+00
2.212915711752490022e+00
2.212185334768260070e+00
2.209263826831339816e+00
2.202690433973257811e+00
2.189543648257095576e+00
2.164710830793239893e+00
2.110662933960143928e+00
2.012792418073185985e+00
1.847727219636966067e+00
1.581139620392639999e+00
1.195500572718648069e+00
7.360934496373259250e-01
3.227000765625560041e-01
1.634778940001881953e-01
1.846266465668508605e+00
2.274997755412130118e+00
2.274997755412130118e+00
2.274997755412130118e+00
2.274997755412130118e+00
2.274997755412130118e+00
2.276458509380590023e+00
2.275728132396360071e+00
2.275728132396360071e+00
2.275728132396360071e+00
2.276458509380590023e+00
2.274997755412130118e+00
2.274997755412130118e+00
2.276458509380590023e+00
2.274267378427897945e+00
2.274997755412130118e+00
2.274267378427897945e+00
2.274997755412130118e+00
2.274267378427897945e+00
2.274267378427897945e+00
2.274997755412130118e+00
2.277188886364819531e+00
2.273537001443666217e+00
2.273537001443666217e+00
2.274267378427897945e+00
2.274997755412130118e+00
2.274267378427897945e+00
2.272806624459434044e+00
2.270615493506740190e+00
2.266233231601356035e+00
2.255277576837889875e+00
2.233366267310959330e+00
2.185891763335941818e+00
2.098246525228217862e+00
1.947788866476621861e+00
1.703842953743454292e+00
1.336463330675238037e+00
8.850903544204584694e-01
4.220313464179775709e-01
1.919625963851991912e-01
1.458436287041826374e+00
2.336349422087538041e+00
2.336349422087537597e+00
2.335619045103305869e+00
2.337079799071770214e+00
2.337079799071770214e+00
2.336349422087537597e+00
2.336349422087538041e+00
2.335619045103306313e+00
2.336349422087537597e+00
2.337079799071770214e+00
2.335619045103305869e+00
2.337079799071770214e+00
2.337810176056000167e+00
2.334888668119073696e+00
2.334158291134841967e+00
2.333427914150609794e+00
2.334888668119073696e+00
2.334888668119073696e+00
2.335619045103305869e+00
2.335619045103305869e+00
2.336349422087538041e+00
2.335619045103305869e+00
2.335619045103305869e+00
2.335619045103305869e+00
2.334888668119073696e+00
2.334158291134841967e+00
2.333427914150609794e+00
2.332697537166382062e+00
2.329045652245228304e+00
2.319550751450223824e+00
2.299100195891755849e+00
2.258199084774813681e+00
2.180779124446325934e+00
2.041277120458195871e+00
1.819972894236187910e+00
1.472313449742214120e+00
1.031896128250897826e+00
5.454650567530235916e-01
2.314029535336753762e-01
1.050155552856671948e+00
2.395509957810249446e+00
2.395509957810249446e+00
2.395509957810249446e+00
2.395509957810249446e+00
2.395509957810249446e+00
2.395509957810249446e+00
2.395509957810251667e+00
2.395509957810249446e+00
2.395509957810249446e+00
2.396240334794481619e+00
2.395509957810249446e+00
2.395509957810249446e+00
2.396240334794481619e+00
2.395509957810249446e+00
2.392588449873330081e+00
2.395509957810249446e+00
2.394779580826019494e+00
2.395509957810249446e+00
2.394049203841789542e+00
2.395509957810249446e+00
2.396240334794481619e+00
2.394779580826019494e+00
2.394049203841789542e+00
2.395509957810249446e+00
2.395509957810249446e+00
2.394049203841789542e+00
2.394049203841789542e+00
2.391858072889097908e+00
2.388936564952174102e+00
2.380172041141401795e+00
2.363373370504086246e+00
2.327584898276765735e+00
2.258929461759045854e+00
2.134034997455535709e+00
1.929529441870847961e+00
1.607433191824956253e+00
1.178701902081336517e+00
6.827759297884599121e-01
2.883723583036967852e-01
6.228850170815134479e-01
2.455400870517199685e+00
2.455400870517199685e+00
2.456131247501429193e+00
2.456131247501429193e+00
2.457592001469889542e+00
2.456131247501429193e+00
2.455400870517199685e+00
2.457592001469889542e+00
2.456131247501429193e+00
2.456861624485659146e+00
2.457592001469889542e+00
2.456861624485659590e+00
2.457592001469889542e+00
2.456861624485659590e+00
2.454670493532969733e+00
2.455400870517199685e+00
2.455400870517199685e+00
2.455400870517199685e+00
2.454670493532969733e+00
2.455400870517199685e+00
2.456131247501429193e+00
2.456131247501429637e+00
2.453940116548739780e+00
2.453940116548739780e+00
2.455400870517199685e+00
2.454670493532969733e+00
2.454670493532969733e+00
2.453209739564507608e+00
2.450288231627579805e+00
2.443714838769498243e+00
2.429107299084880545e+00
2.396970711778716012e+00
2.336349422087537597e+00
2.225332120484417864e+00
2.037625235537041668e+00
1.739631425970773915e+00
1.326968429880234002e+00
8.325032115558232970e-01
3.730960884744978223e-01
1.824676955901954334e-01
2.515291783224140154e+00
2.516022160208370106e+00
2.516752537192602279e+00
2.516022160208370106e+00
2.516022160208370106e+00
2.514561406239910202e+00
2.516022160208370106e+00
2.516752537192602279e+00
2.516022160208370106e+00
2.516022160208370106e+00
2.516022160208370106e+00
2.516022160208370106e+00
2.516022160208370106e+00
2.516022160208370106e+00
2.516022160208370106e+00
2.516022160208370106e+00
2.516022160208370106e+00
2.513831029255679805e+00
2.513831029255679805e+00
2.516022160208370106e+00
2.516022160208370106e+00
2.516022160208370106e+00
2.515291783224140154e+00
2.516022160208370106e+00
2.515291783224140154e+00
2.514561406239910202e+00
2.513100652271449853e+00
2.513831029255679805e+00
2.510909521318755999e+00
2.504336128460677990e+00
2.492650096712980101e+00
2.464895771312199724e+00
2.411578251463333711e+00
2.311516604623681914e+00
2.140608390313615939e+00
1.866717021226978135e+00
1.470122318789520044e+00
9.851520012601099330e-01
4.811918821406922508e-01
2.146042828963615479e-01
2.093864263322831043e+00
2.577373826883779806e+00
2.578104203868010202e+00
2.576643449899550298e+00
2.578104203868010202e+00
2.577373826883780250e+00
2.577373826883779806e+00
2.577373826883779806e+00
2.577373826883779806e+00
2.577373826883779806e+00
2.578104203868010202e+00
2.577373826883779806e+00
2.577373826883779806e+00
2.577373826883780250e+00
2.576643449899550298e+00
2.575182695931090393e+00
2.575913072915319901e+00
2.577373826883779806e+00
2.575182695931090393e+00
2.576643449899550298e+00
2.575913072915320345e+00
2.578104203868010202e+00
2.574452318946859997e+00
2.574452318946859997e+00
2.575913072915319901e+00
2.576643449899550298e+00
2.574452318946859997e+00
2.575913072915319901e+00
2.572261187994163922e+00
2.567878926088777991e+00
2.556192894341081878e+00
2.533551207829920493e+00
2.484615949886437747e+00
2.395509957810252111e+00
2.239939660169040003e+00
1.990881108546251665e+00
1.611085076746114009e+00
1.142183052869783166e+00
6.111989853338177792e-01
2.576965249659929902e-01
1.651255810878823116e+00
2.635803985622268364e+00
2.636534362606500093e+00
2.635073608638036191e+00
2.636534362606500093e+00
2.636534362606500093e+00
2.635073608638036191e+00
2.636534362606500093e+00
2.636534362606500093e+00
2.636534362606500093e+00
2.636534362606500093e+00
2.635803985622268364e+00
2.636534362606500093e+00
2.636534362606500093e+00
2.636534362606500093e+00
2.635803985622268364e+00
2.635073608638036191e+00
2.635803985622268364e+00
2.635073608638036191e+00
2.635073608638036191e+00
2.635803985622268364e+00
2.637264739590730045e+00
2.634343231653804018e+00
2.633612854669572290e+00
2.635803985622268364e+00
2.634343231653804018e+00
2.634343231653804018e+00
2.635803985622268364e+00
2.632152100701110164e+00
2.627039461811495613e+00
2.618274938000720198e+00
2.597824382442247781e+00
2.554001763388387580e+00
2.475121049091435488e+00
2.333427914150612015e+00
2.105550295070528044e+00
1.750587080734240075e+00
1.294101465589837741e+00
7.587351361484881984e-01
3.248912075152485812e-01
1.191118310813263692e+00
2.696425275313440117e+00
2.695694898329210165e+00
2.696425275313440117e+00
2.696425275313440117e+00
2.695694898329210165e+00
2.695694898329210165e+00
2.695694898329210165e+00
2.697155652297669626e+00
2.695694898329210165e+00
2.697886029281899578e+00
2.695694898329210165e+00
2.696425275313440117e+00
2.697886029281899578e+00
2.695694898329210165e+00
2.695694898329210165e+00
2.694964521344980213e+00
2.695694898329210165e+00
2.694964521344980213e+00
2.695694898329210165e+00
2.696425275313440117e+00
2.696425275313440117e+00
2.694234144360748040e+00
2.695694898329210165e+00
2.695694898329210165e+00
2.694964521344980213e+00
2.694964521344980213e+00
2.694964521344980213e+00
2.693503767376516311e+00
2.689121505471129492e+00
2.680356981660355853e+00
2.663558311023046521e+00
2.626309084827263440e+00
2.555462517356850149e+00
2.428376922100649260e+00
2.217297973657875509e+00
1.890089084722368140e+00
1.446019878309898088e+00
9.172269417266243341e-01
4.161883305441294034e-01
7.171036480473184094e-01
2.757046565004619865e+00
2.756316188020387692e+00
2.757046565004619865e+00
2.757046565004619865e+00
2.757046565004619865e+00
2.755585811036155963e+00
2.757046565004619865e+00
2.757776941988850261e+00
2.757046565004619865e+00
2.757046565004619865e+00
2.757046565004619865e+00
2.757776941988849817e+00
2.757046565004619865e+00
2.757776941988849817e+00
2.756316188020387692e+00
2.757046565004619865e+00
2.756316188020387692e+00
2.756316188020387692e+00
2.756316188020387692e+00
2.757046565004619865e+00
2.757046565004619865e+00
2.757046565004619865e+00
2.756316188020387692e+00
2.757046565004619865e+00
2.757046565004619865e+00
2.755585811036155963e+00
2.755585811036155963e+00
2.754125057067692062e+00
2.750473172146540524e+00
2.743899779288457630e+00
2.729292239603840375e+00
2.695694898329209721e+00
2.633612854669574510e+00
2.518213291161067513e+00
2.325393767324071881e+00
2.019365810931263994e+00
1.597938291029951996e+00
1.077179501273219930e+00
5.359701559580201113e-01
2.335940844863685917e-01
2.815476723743099985e+00
2.814746346758869588e+00
2.816207100727331714e+00
2.814746346758869588e+00
2.814746346758870033e+00
2.815476723743099985e+00
2.815476723743099985e+00
2.816207100727331714e+00
2.815476723743099985e+00
2.815476723743099985e+00
2.816207100727331714e+00
2.815476723743099985e+00
2.815476723743099985e+00
2.815476723743099985e+00
2.814015969774640080e+00
2.814015969774639636e+00
2.814015969774639636e+00
2.814015969774639636e+00
2.814015969774639636e+00
2.815476723743099985e+00
2.814746346758869588e+00
2.814746346758870033e+00
2.814015969774639636e+00
2.815476723743099985e+00
2.814746346758870033e+00
2.813285592790410128e+00
2.812555215806180176e+00
2.812555215806180176e+00
2.811094461837718050e+00
2.805251445963867774e+00
2.790643906279245634e+00
2.763619957862698318e+00
2.707380930076908054e+00
2.603667398316098058e+00
2.428376922100647484e+00
2.149372914124390022e+00
1.743283310891930116e+00
1.235671306851357842e+00
6.740114059776876054e-01
2.817989654456173332e-01
2.337810176055997058e+00
2.874637259465812722e+00
2.875367636450044451e+00
2.876098013434275735e+00
2.876828390418507464e+00
2.875367636450044451e+00
2.876098013434275735e+00
2.876098013434275735e+00
2.876098013434275735e+00
2.875367636450044451e+00
2.876828390418507464e+00
2.876098013434275735e+00
2.876098013434275735e+00
2.877558767402740081e+00
2.873906882481580105e+00
2.873906882481580105e+00
2.875367636450044451e+00
2.874637259465812722e+00
2.873906882481580105e+00
2.874637259465811834e+00
2.874637259465811834e+00
2.876098013434276623e+00
2.874637259465812722e+00
2.874637259465812722e+00
2.874637259465812722e+00
2.873906882481580105e+00
2.873906882481580105e+00
2.873906882481580105e+00
2.870254997560429455e+00
2.865872735655041748e+00
2.854917080891575587e+00
2.830084263427719904e+00
2.781149005484239822e+00
2.688391128486902204e+00
2.528438568940299724e+00
2.272806624459435820e+00
1.884976445832753811e+00
1.400006128303340036e+00
8.273905726662047488e-01
3.555670408529527649e-01
1.846266465668508161e+00
2.935988926141220201e+00
2.937449680109684103e+00
2.936719303125452374e+00
2.937449680109684103e+00
2.937449680109684103e+00
2.937449680109684103e+00
2.936719303125452374e+00
2.936719303125452374e+00
2.936719303125452374e+00
2.936719303125452374e+00
2.936719303125452374e+00
2.937449680109684103e+00
2.938180057093916275e+00
2.935988926141220201e+00
2.936719303125452374e+00
2.935988926141220201e+00
2.935988926141220201e+00
2.935988926141220201e+00
2.937449680109684103e+00
2.936719303125452374e+00
2.936719303125452374e+00
2.936719303125452374e+00
2.935988926141220201e+00
2.936719303125452374e+00
2.935988926141220201e+00
2.935988926141220201e+00
2.935988926141220201e+00
2.933067418204299948e+00
2.929415533283143525e+00
2.918459878519677808e+00
2.899470076929671958e+00
2.854917080891575587e+00
2.773845235641931417e+00
2.628500215779953741e+00
2.392588449873325640e+00
2.031782219663194056e+00
1.559958687849935854e+00
9.953772790393454750e-01
4.585501956295298109e-01
1.338654461627935000e+00
2.994419084879710091e+00
2.995879838848169552e+00
2.994419084879710091e+00
2.994419084879710091e+00
2.995879838848169552e+00
2.993688707895477474e+00
2.995879838848169552e+00
2.996610215832399948e+00
2.994419084879710091e+00
2.996610215832399948e+00
2.995149461863939599e+00
2.996610215832399948e+00
2.996610215832399948e+00
2.994419084879710091e+00
2.994419084879710091e+00
2.995149461863939599e+00
2.994419084879710091e+00
2.994419084879710091e+00
2.993688707895478363e+00
2.994419084879710091e+00
2.996610215832400392e+00
2.995149461863939599e+00
2.993688707895477474e+00
2.994419084879710091e+00
2.994419084879710091e+00
2.994419084879710091e+00
2.994419084879710091e+00
2.992227953927014461e+00
2.987845692021628086e+00
2.979081168210856223e+00
2.962282497573539786e+00
2.924302894393526309e+00
2.852725949938885730e+00
2.721988469761529750e+00
2.506527259413369624e+00
2.166901961745934191e+00
1.716259362475379913e+00
1.162633608428250920e+00
5.834446599330378458e-01
8.237386877450502132e-01
3.056501128539350187e+00
3.056501128539350187e+00
3.057231505523580140e+00
3.057961882507810092e+00
3.057961882507810536e+00
3.055770751555118458e+00
3.056501128539350187e+00
3.057231505523580140e+00
3.056501128539350187e+00
3.057961882507810536e+00
3.056501128539350187e+00
3.057231505523580584e+00
3.057231505523580584e+00
3.057231505523580584e+00
3.055770751555118458e+00
3.056501128539350187e+00
3.056501128539350187e+00
3.056501128539350187e+00
3.055770751555118458e+00
3.056501128539350187e+00
3.057231505523580140e+00
3.056501128539350187e+00
3.055040374570886286e+00
3.056501128539350187e+00
3.056501128539350187e+00
3.055040374570886286e+00
3.056501128539350187e+00
3.053579620602422384e+00
3.051388489649729863e+00
3.044084719807417905e+00
3.028016426154331420e+00
2.995149461863937823e+00
2.930876287251605650e+00
2.815476723743102205e+00
2.616814184032258073e+00
2.303482457797140004e+00
1.871099283132361846e+00
1.331350691785621931e+00
7.331719417004020078e-01
3.066317829094727943e-01
3.117122418230519720e+00
3.117122418230519720e+00
3.116392041246290212e+00
3.117852795214749673e+00
3.117122418230520164e+00
3.117122418230519720e+00
3.117852795214749673e+00
3.117852795214749673e+00
3.117122418230519720e+00
3.117122418230519720e+00
3.117852795214749673e+00
3.117122418230519720e+00
3.117852795214749673e+00
3.116392041246290212e+00
3.115661664262059816e+00
3.116392041246289324e+00
3.114931287277829419e+00
3.114931287277829419e+00
3.115661664262059816e+00
3.116392041246289324e+00
3.116392041246289768e+00
3.117852795214749673e+00
3.114200910293598135e+00
3.115661664262059372e+00
3.116392041246290212e+00
3.114931287277829419e+00
3.114931287277829419e+00
3.114931287277829419e+00
3.111279402356669443e+00
3.105436386482824052e+00
3.090828846798203688e+00
3.063074521397427752e+00
3.006105116627403540e+00
2.903121961850826160e+00
2.723449223729991875e+00
2.432759184006033859e+00
2.020826564899727895e+00
1.498607021174531928e+00
8.953156321996920131e-01
3.884340051433493590e-01
2.589059858631480360e+00
3.177013330937469515e+00
3.176282953953237786e+00
3.177013330937469515e+00
3.177013330937469515e+00
3.175552576969005614e+00
3.175552576969005614e+00
3.177013330937469515e+00
3.176282953953237786e+00
3.177013330937469515e+00
3.177013330937469515e+00
3.177013330937469515e+00
3.177013330937469515e+00
3.177013330937469515e+00
3.175552576969005614e+00
3.175552576969005614e+00
3.176282953953237786e+00
3.174822199984773441e+00
3.174822199984773441e+00
3.176282953953237786e+00
3.174822199984773441e+00
3.177013330937469515e+00
3.174822199984773441e+00
3.175552576969005614e+00
3.175552576969005614e+00
3.175552576969005614e+00
3.174822199984773441e+00
3.174091823000541712e+00
3.171170315063620126e+00
3.165327299189771626e+00
3.153641267442075957e+00
3.130269203946681955e+00
3.079873192034737972e+00
2.987115315037394137e+00
2.824241247553874068e+00
2.560575156246465589e+00
2.165441207777473842e+00
1.666593727547672099e+00
1.064032715557062581e+00
4.943386678568508219e-01
2.046389759347813975e+00
3.235443489675950079e+00
3.236173866660182252e+00
3.235443489675950079e+00
3.236173866660182252e+00
3.235443489675950079e+00
3.236173866660182252e+00
3.236904243644413981e+00
3.236173866660182252e+00
3.236173866660182252e+00
3.236904243644413981e+00
3.236173866660182252e+00
3.236173866660182252e+00
3.236904243644413981e+00
3.235443489675950079e+00
3.235443489675950079e+00
3.235443489675950079e+00
3.235443489675950079e+00
3.235443489675950079e+00
3.235443489675952300e+00
3.235443489675950079e+00
3.236904243644413981e+00
3.234713112691720571e+00
3.234713112691719683e+00
3.235443489675950079e+00
3.235443489675950079e+00
3.235443489675950079e+00
3.233252358723260222e+00
3.231791604754799430e+00
3.226678965865179549e+00
3.217914442054407687e+00
3.196733509511705762e+00
3.152180513473612056e+00
3.069647914255505761e+00
2.922111763440834231e+00
2.681817735628819754e+00
2.309325473670989837e+00
1.829467795031195720e+00
1.238592814788280094e+00
6.294584099395936772e-01
1.498607021174533482e+00
3.294604025398662372e+00
3.296064779367126274e+00
3.294604025398661484e+00
3.296064779367126274e+00
3.295334402382894101e+00
3.295334402382894101e+00
3.296795156351358891e+00
3.297525533335590175e+00
3.296795156351358003e+00
3.297525533335590175e+00
3.295334402382894101e+00
3.296795156351358891e+00
3.296795156351358891e+00
3.295334402382894101e+00
3.293873648414430200e+00
3.294604025398662372e+00
3.295334402382894101e+00
3.294604025398662372e+00
3.294604025398661484e+00
3.294604025398662372e+00
3.295334402382894101e+00
3.295334402382894101e+00
3.294604025398662372e+00
3.294604025398662372e+00
3.295334402382894101e+00
3.293873648414430200e+00
3.294604025398661484e+00
3.291682517461739899e+00
3.289491386509047821e+00
3.280726862698274182e+00
3.261737061108267888e+00
3.223027080944024014e+00
3.149259005536688250e+00
3.016330394406636195e+00
2.798678053105787988e+00
2.450288231627579805e+00
1.988689977593560032e+00
1.415344044972191906e+00
7.828375766281128190e-01
9.500939060170200401e-01
3.355955692074069852e+00
3.356686069058301136e+00
3.355955692074069852e+00
3.356686069058301136e+00
3.356686069058301136e+00
3.355955692074069852e+00
3.355955692074069852e+00
3.356686069058301136e+00
3.356686069058301136e+00
3.356686069058301136e+00
3.355955692074069852e+00
3.355955692074069852e+00
3.356686069058301136e+00
3.356686069058301136e+00
3.354494938105609947e+00
3.355955692074069852e+00
3.355225315089839455e+00
3.355955692074069852e+00
3.355955692074069852e+00
3.355955692074069852e+00
3.357416446042533753e+00
3.355955692074069852e+00
3.354494938105609947e+00
3.355955692074069852e+00
3.355955692074069852e+00
3.355955692074069852e+00
3.355225315089839455e+00
3.353764561121379550e+00
3.349382299215991843e+00
3.343539283342146007e+00
3.326740612704832678e+00
3.292412894445972515e+00
3.227409342849409946e+00
3.108357894419749634e+00
2.906773846771979919e+00
2.586868727678786062e+00
2.146451406187465771e+00
1.590634521187639816e+00
9.530154139539449565e-01
4.132668226072051532e-01
3.417307358749479995e+00
3.418037735733709503e+00
3.417307358749479995e+00
3.416576981765249599e+00
3.418037735733709503e+00
3.417307358749479995e+00
3.417307358749479995e+00
3.418037735733709503e+00
3.418037735733709503e+00
3.418037735733709503e+00
3.418768112717940788e+00
3.418037735733709503e+00
3.418037735733709503e+00
3.418768112717940788e+00
3.416576981765250487e+00
3.416576981765249599e+00
3.416576981765249599e+00
3.416576981765249599e+00
3.417307358749479995e+00
3.417307358749479107e+00
3.416576981765249599e+00
3.418037735733709503e+00
3.414385850812560186e+00
3.416576981765249599e+00
3.417307358749479995e+00
3.415846604781020091e+00
3.415116227796790582e+00
3.415846604781020091e+00
3.412194719859864112e+00
3.405621327001784326e+00
3.393204918269856485e+00
3.362529084932149637e+00
3.305559680162132086e+00
3.197463886495937935e+00
3.015600017422405799e+00
2.720527715793065848e+00
2.299100195891755849e+00
1.763733866450397869e+00
1.130497021122087720e+00
5.279360091314788672e-01
2.838848787238496207e+00
3.472816009551039862e+00
3.475007140503735492e+00
3.472816009551039862e+00
3.474276763519503763e+00
3.473546386535271147e+00
3.473546386535271147e+00
3.473546386535272035e+00
3.473546386535271147e+00
3.474276763519503763e+00
3.473546386535271147e+00
3.474276763519503763e+00
3.475007140503735936e+00
3.473546386535271147e+00
3.472816009551039862e+00
3.472816009551039862e+00
3.472816009551039862e+00
3.472816009551039862e+00
3.473546386535271147e+00
3.472816009551039862e+00
3.473546386535272035e+00
3.475007140503735936e+00
3.472816009551039862e+00
3.472816009551039862e+00
3.472816009551039862e+00
3.472816009551039862e+00
3.472085632566809466e+00
3.472085632566809466e+00
3.469164124629890100e+00
3.463321108756036271e+00
3.452365453992570110e+00
3.426802259544483142e+00
3.376406247632540047e+00
3.282187616666737195e+00
3.114200910293595914e+00
2.846152557080803724e+00
2.444445215753732192e+00
1.931720572823537818e+00
1.307248251305999975e+00
6.659772591511460282e-01
2.256738330806355997e+00
3.534898053210679958e+00
3.535628430194910354e+00
3.534898053210679958e+00
3.534898053210679958e+00
3.534167676226447785e+00
3.534898053210679958e+00
3.534898053210679958e+00
3.535628430194910354e+00
3.534898053210679958e+00
3.534898053210679958e+00
3.535628430194910354e+00
3.534898053210679958e+00
3.535628430194909466e+00
3.534898053210679958e+00
3.534898053210679958e+00
3.533437299242216056e+00
3.534898053210679958e+00
3.534898053210679958e+00
3.534167676226447785e+00
3.534167676226447785e+00
3.534898053210679958e+00
3.534167676226447785e+00
3.534167676226447785e+00
3.534898053210679958e+00
3.533437299242216056e+00
3.534167676226447785e+00
3.532706922257983884e+00
3.531246168289519538e+00
3.524672775431443306e+00
3.516638628604901839e+00
3.493266565109510058e+00
3.449443946055646304e+00
3.364720215884847931e+00
3.213532180149022199e+00
2.969586267415851744e+00
2.589059858631475919e+00
2.098976902212450035e+00
1.491303251332220192e+00
8.273905726662047488e-01
1.676088628342677023e+00
3.594788965917623980e+00
3.595519342901856596e+00
3.594058588933391807e+00
3.594788965917623980e+00
3.595519342901856596e+00
3.594058588933391807e+00
3.596249719886087881e+00
3.595519342901856596e+00
3.595519342901856596e+00
3.595519342901856596e+00
3.595519342901856596e+00
3.596249719886087881e+00
3.596980096870319610e+00
3.594058588933391807e+00
3.594058588933391807e+00
3.594058588933391807e+00
3.593328211949160078e+00
3.594058588933391807e+00
3.593328211949160078e+00
3.594058588933391807e+00
3.595519342901856596e+00
3.594788965917623980e+00
3.593328211949160078e+00
3.594058588933391807e+00
3.594058588933391807e+00
3.594058588933391807e+00
3.594058588933391807e+00
3.591137080996469333e+00
3.588215573059545527e+00
3.577990295280311983e+00
3.559000493690302136e+00
3.518829759557593917e+00
3.445061684150259484e+00
3.308481188099055892e+00
3.085716207908588249e+00
2.734404878493458035e+00
2.261850969695971880e+00
1.673167120405749886e+00
1.000489917928961248e+00
1.107124957626696160e+00
3.659062140529960150e+00
3.657601386561496248e+00
3.658331763545728421e+00
3.658331763545728421e+00
3.659062140529960150e+00
3.656871009577264520e+00
3.657601386561496248e+00
3.659062140529960150e+00
3.658331763545728421e+00
3.657601386561496248e+00
3.657601386561496248e+00
3.658331763545728421e+00
3.659062140529960150e+00
3.656871009577264520e+00
3.656140632593031903e+00
3.657601386561496248e+00
3.655410255608800618e+00
3.656871009577264520e+00
3.656871009577264520e+00
3.656871009577264520e+00
3.657601386561496248e+00
3.657601386561496248e+00
3.654679878624570222e+00
3.655410255608800618e+00
3.656871009577264520e+00
3.655410255608800618e+00
3.656140632593031903e+00
3.655410255608800618e+00
3.651758370687649524e+00
3.643724223861105393e+00
3.626925553223787624e+00
3.593328211949161410e+00
3.525403152415675923e+00
3.403430196049091361e+00
3.198924640464397839e+00
2.873176505497354150e+00
2.423264283211030268e+00
1.855030989479279580e+00
1.187466425892108601e+00
5.549599575480270719e-01
3.716761922284207653e+00
3.716031545299975924e+00
3.716031545299975924e+00
3.716761922284207653e+00
3.716761922284207653e+00
3.716761922284207653e+00
3.716031545299975924e+00
3.716031545299975924e+00
3.714570791331512023e+00
3.717492299268440270e+00
3.716761922284207653e+00
3.716031545299975924e+00
3.717492299268440270e+00
3.716031545299975924e+00
3.715301168315743752e+00
3.716031545299975924e+00
3.716031545299975924e+00
3.716031545299975924e+00
3.715301168315743752e+00
3.716761922284207653e+00
3.716031545299975924e+00
3.715301168315743752e+00
3.715301168315743752e+00
3.713840414347279850e+00
3.716031545299975924e+00
3.713840414347279850e+00
3.714570791331512023e+00
3.714570791331512023e+00
3.710918906410359597e+00
3.703615136568047639e+00
3.689737973867658560e+00
3.661253271482649119e+00
3.600631981791471592e+00
3.491075434156815760e+00
3.306290057146361594e+00
3.007565870595868329e+00
2.578104203868014199e+00
2.030321465694731931e+00
1.373712556871022006e+00
7.003049774100047475e-01
3.099593370608977327e+00
3.775922458006919946e+00
3.776652834991152563e+00
3.775922458006919946e+00
3.776652834991152563e+00
3.777383211975384292e+00
3.777383211975384292e+00
3.775922458006919946e+00
3.776652834991152563e+00
3.777383211975384292e+00
3.775922458006919946e+00
3.777383211975384292e+00
3.778113588959615576e+00
3.776652834991152563e+00
3.775922458006919946e+00
3.775192081022689994e+00
3.775922458006919946e+00
3.775922458006919946e+00
3.775192081022689994e+00
3.775922458006919946e+00
3.775922458006919946e+00
3.777383211975384292e+00
3.775922458006919946e+00
3.775922458006919946e+00
3.775922458006919946e+00
3.776652834991152563e+00
3.775192081022689994e+00
3.773731327054230089e+00
3.771540196101537568e+00
3.767157934196149860e+00
3.754741525464221574e+00
3.728447954031905986e+00
3.675130434183039974e+00
3.577990295280309763e+00
3.409273211922940305e+00
3.135381842836297839e+00
2.729292239603838155e+00
2.205611941910181617e+00
1.561419441818401976e+00
8.675613067989125238e-01
2.481694441949517049e+00
3.834352616745409392e+00
3.835813370713869741e+00
3.834352616745409392e+00
3.835082993729639789e+00
3.835082993729639789e+00
3.835082993729639789e+00
3.835813370713869741e+00
3.836543747698100137e+00
3.836543747698100137e+00
3.835813370713869741e+00
3.835082993729639789e+00
3.836543747698100137e+00
3.835813370713869741e+00
3.834352616745409392e+00
3.834352616745409392e+00
3.834352616745409392e+00
3.834352616745409392e+00
3.834352616745409392e+00
3.833622239761177664e+00
3.834352616745409392e+00
3.835813370713869741e+00
3.834352616745409392e+00
3.834352616745409392e+00
3.834352616745409392e+00
3.834352616745409392e+00
3.833622239761177664e+00
3.834352616745409392e+00
3.831431108808481589e+00
3.825588092934636197e+00
3.816093192139631718e+00
3.793451505628468112e+00
3.747437755621912281e+00
3.660522894498417834e+00
3.507874104794132197e+00
3.260276307139805763e+00
2.873906882481584102e+00
2.373598648283322010e+00
1.749856703750011899e+00
1.047234044919748586e+00
1.877672675990443407e+00
3.896434660405040606e+00
3.896434660405040606e+00
3.895704283420809766e+00
3.895704283420809766e+00
3.896434660405040606e+00
3.895704283420809766e+00
3.895704283420809766e+00
3.896434660405040606e+00
3.895704283420809766e+00
3.896434660405040606e+00
3.895704283420809766e+00
3.895704283420809766e+00
3.896434660405040606e+00
3.894973906436580258e+00
3.894243529452348973e+00
3.894973906436580258e+00
3.894973906436580258e+00
3.893513152468119465e+00
3.893513152468119465e+00
3.895704283420809766e+00
3.896434660405040606e+00
3.894973906436580258e+00
3.893513152468119465e+00
3.892782775483889512e+00
3.894973906436580258e+00
3.892782775483889512e+00
3.893513152468119465e+00
3.893513152468119465e+00
3.888400513578499584e+00
3.878905612783498214e+00
3.860646188177724092e+00
3.819014700076555524e+00
3.743785870700756302e+00
3.605014243696859744e+00
3.376406247632541380e+00
3.019251902343560001e+00
2.540124600687998058e+00
1.938293965681617603e+00
1.234940929867125003e+00
1.291179957652918153e+00
3.954864819143529608e+00
3.955595196127759117e+00
3.954864819143529608e+00
3.954864819143529608e+00
3.954864819143529608e+00
3.954864819143529608e+00
3.954864819143529608e+00
3.954864819143529608e+00
3.954864819143529608e+00
3.954864819143529608e+00
3.954864819143529608e+00
3.954864819143529608e+00
3.955595196127760005e+00
3.955595196127760005e+00
3.954864819143529608e+00
3.954864819143529608e+00
3.953404065175065707e+00
3.953404065175065707e+00
3.953404065175065707e+00
3.954864819143529608e+00
3.955595196127759117e+00
3.954864819143529608e+00
3.954134442159298324e+00
3.953404065175065707e+00
3.954864819143529608e+00
3.953404065175065707e+00
3.952673688190833534e+00
3.951943311206600917e+00
3.949021803269679332e+00
3.940987656443138754e+00
3.924919362790055821e+00
3.889130890562731757e+00
3.821205831029246269e+00
3.697041743709969630e+00
3.488153926219889733e+00
3.158753906331691841e+00
2.702998668171519903e+00
2.118697080786687614e+00
1.429221207672580096e+00
7.244074178896292571e-01
4.016216485818937976e+00
4.014755731850472742e+00
4.014755731850472742e+00
4.015486108834705803e+00
4.016216485818937976e+00
4.016216485818937088e+00
4.016216485818937976e+00
4.016946862803169260e+00
4.015486108834705803e+00
4.016216485818937976e+00
4.016946862803169260e+00
4.015486108834705803e+00
4.016946862803169260e+00
4.016216485818937088e+00
4.014755731850472742e+00
4.015486108834705803e+00
4.014025354866240569e+00
4.014755731850472742e+00
4.014755731850473630e+00
4.014755731850472742e+00
4.014755731850473630e+00
4.016216485818937088e+00
4.014025354866240569e+00
4.013294977882009285e+00
4.015486108834705803e+00
4.014025354866240569e+00
4.014025354866240569e+00
4.013294977882009285e+00
4.008912715976627794e+00
4.003800077087009690e+00
3.988462160418157598e+00
3.957786327080449862e+00
3.897165037389275888e+00
3.788338866738851785e+00
3.600631981791472036e+00
3.293873648414436417e+00
2.860029719781198132e+00
2.298369818907521900e+00
1.622771108493807901e+00
8.982371401366153751e-01
3.363259461916384030e+00
4.075377021541649825e+00
4.075377021541649825e+00
4.074646644557420316e+00
4.075377021541649825e+00
4.075377021541649825e+00
4.075377021541649825e+00
4.075377021541649825e+00
4.076107398525881997e+00
4.075377021541649825e+00
4.075377021541649825e+00
4.075377021541649825e+00
4.076107398525881997e+00
4.075377021541649825e+00
4.075377021541649825e+00
4.074646644557420316e+00
4.075377021541649825e+00
4.074646644557420316e+00
4.074646644557420316e+00
4.075377021541649825e+00
4.075377021541649825e+00
4.076107398525881997e+00
4.073916267573190808e+00
4.074646644557420316e+00
4.074646644557420316e+00
4.074646644557420316e+00
4.073916267573189920e+00
4.073916267573190808e+00
4.070264382652036161e+00
4.065151743762413616e+00
4.052004958046255823e+00
4.025711386613940235e+00
3.971663489780842049e+00
3.873792973893883662e+00
3.702884759583818131e+00
3.422419997639097655e+00
3.011217755517020311e+00
2.476581803059898057e+00
1.816321009315036150e+00
1.083752894131300160e+00
2.721258092777297577e+00
4.135998311232825131e+00
4.136728688217057304e+00
4.135998311232825131e+00
4.135998311232825131e+00
4.137459065201289476e+00
4.135998311232825131e+00
4.136728688217057304e+00
4.135998311232825131e+00
4.136728688217057304e+00
4.137459065201289476e+00
4.136728688217057304e+00
4.135998311232825131e+00
4.136728688217057304e+00
4.134537557264361674e+00
4.135998311232825131e+00
4.135998311232825131e+00
4.135998311232825131e+00
4.134537557264361674e+00
4.135998311232825131e+00
4.137459065201289476e+00
4.137459065201289476e+00
4.135998311232825131e+00
4.136728688217057304e+00
4.135267934248593846e+00
4.135998311232825131e+00
4.134537557264361674e+00
4.134537557264361674e+00
4.131616049327439200e+00
4.126503410437823760e+00
4.117008509642819725e+00
4.092906069163197991e+00
4.046892319156640383e+00
3.957786327080451194e+00
3.802946406423472148e+00
3.550966346863762002e+00
3.158753906331694061e+00
2.649681148322653890e+00
2.010601287120489911e+00
1.279493925905219598e+00
2.098246525228218307e+00
4.195889223939770041e+00
4.195158846955539644e+00
4.195889223939770041e+00
4.195158846955539644e+00
4.195158846955539644e+00
4.193698092987079740e+00
4.195889223939770041e+00
4.195889223939770041e+00
4.195889223939770041e+00
4.195889223939770041e+00
4.195158846955539644e+00
4.195889223939770041e+00
4.195889223939770041e+00
4.194428469971309248e+00
4.192967716002849343e+00
4.195889223939770041e+00
4.194428469971310136e+00
4.193698092987079740e+00
4.192967716002849343e+00
4.195158846955540533e+00
4.195158846955539644e+00
4.195158846955540533e+00
4.192967716002850231e+00
4.194428469971310136e+00
4.195889223939770041e+00
4.192967716002849343e+00
4.193698092987079740e+00
4.192237339018618059e+00
4.187855077113229463e+00
4.176899422349766411e+00
4.159370374728219133e+00
4.117008509642819725e+00
4.038858172330099805e+00
3.897165037389275888e+00
3.666365910372268111e+00
3.304829303177901689e+00
2.816937477711563886e+00
2.201229680004794353e+00
1.474504580694905975e+00
1.497876644190301754e+00
4.255049759662489883e+00
4.255780136646719392e+00
4.255049759662490771e+00
4.255780136646719392e+00
4.256510513630950676e+00
4.255780136646720280e+00
4.255780136646720280e+00
4.256510513630949788e+00
4.255049759662489883e+00
4.256510513630949788e+00
4.255049759662490771e+00
4.255049759662490771e+00
4.256510513630949788e+00
4.255049759662490771e+00
4.254319382678260375e+00
4.254319382678260375e+00
4.254319382678260375e+00
4.254319382678260375e+00
4.255049759662489883e+00
4.255049759662490771e+00
4.256510513630949788e+00
4.254319382678260375e+00
4.254319382678260375e+00
4.254319382678260375e+00
4.255049759662490771e+00
4.254319382678260375e+00
4.254319382678260375e+00
4.252858628709796029e+00
4.249206743788640495e+00
4.241902973946328537e+00
4.225104303309011655e+00
4.187855077113232127e+00
4.118469263611284070e+00
3.992844422323543974e+00
3.780304719912309874e+00
3.445061684150259929e+00
2.982002676147781806e+00
2.388206187967941929e+00
1.676819005326905865e+00
9.208788266477773155e-01
4.314940672369429464e+00
4.314210295385199956e+00
4.314940672369429464e+00
4.314940672369429464e+00
4.314940672369429464e+00
4.313479918400969559e+00
4.314210295385199956e+00
4.315671049353659861e+00
4.316401426337889369e+00
4.315671049353658972e+00
4.315671049353658972e+00
4.314210295385199956e+00
4.316401426337889369e+00
4.315671049353658972e+00
4.314210295385199956e+00
4.312749541416740051e+00
4.312749541416740051e+00
4.314210295385199956e+00
4.312749541416740051e+00
4.314940672369429464e+00
4.313479918400970448e+00
4.316401426337889369e+00
4.312749541416740051e+00
4.312749541416740051e+00
4.314210295385199956e+00
4.313479918400969559e+00
4.312749541416740051e+00
4.312749541416740051e+00
4.309097656495580075e+00
4.302524263637503843e+00
4.287916723952884368e+00
4.255780136646717615e+00
4.195158846955540533e+00
4.081950414399729610e+00
3.888400513578504025e+00
3.577990295280309763e+00
3.139033727757453818e+00
2.569339680057239228e+00
1.876942299006212123e+00
1.110776842547848586e+00
3.634959700050333531e+00
4.373370831107915357e+00
4.374831585076379703e+00
4.372640454123684073e+00
4.374101208092147530e+00
4.373370831107915357e+00
4.374831585076379703e+00
4.374101208092147530e+00
4.374831585076379703e+00
4.374101208092147530e+00
4.374831585076379703e+00
4.374831585076379703e+00
4.373370831107915357e+00
4.374101208092147530e+00
4.371179700155219727e+00
4.372640454123684073e+00
4.371179700155219727e+00
4.373370831107915357e+00
4.371179700155219727e+00
4.372640454123684073e+00
4.371910077139451900e+00
4.374831585076379703e+00
4.371179700155219727e+00
4.372640454123684073e+00
4.372640454123684073e+00
4.372640454123684073e+00
4.371910077139451900e+00
4.371179700155219727e+00
4.368988569202530314e+00
4.362415176344452306e+00
4.351459521580986589e+00
4.324435573164434388e+00
4.269657299347107582e+00
4.168134898538990107e+00
3.993574799307775258e+00
3.710918906410359597e+00
3.293143271430204244e+00
2.751203549130770032e+00
2.075604838717056033e+00
1.311630513211384130e+00
2.964473628526234972e+00
4.433261743814860267e+00
4.433261743814860267e+00
4.433261743814860267e+00
4.433261743814860267e+00
4.433261743814860267e+00
4.433261743814860267e+00
4.433261743814860267e+00
4.433992120799092440e+00
4.433261743814860267e+00
4.433992120799092440e+00
4.433261743814860267e+00
4.433992120799092440e+00
4.433992120799092440e+00
4.433261743814860267e+00
4.433261743814860267e+00
4.433261743814860267e+00
4.433261743814860267e+00
4.433261743814860267e+00
4.432531366830629871e+00
4.432531366830629871e+00
4.433261743814860267e+00
4.433992120799092440e+00
4.433261743814860267e+00
4.433261743814860267e+00
4.433261743814860267e+00
4.432531366830629871e+00
4.431800989846399474e+00
4.429609858893710062e+00
4.424497220004090181e+00
4.413541565240626241e+00
4.390169501745229574e+00
4.341964620785980777e+00
4.252858628709794253e+00
4.094366823131659672e+00
3.837274124682332310e+00
3.441409799229105282e+00
2.925033271377758037e+00
2.272806624459437597e+00
1.516136068796075875e+00
2.314438112560607053e+00
4.495343787474499919e+00
4.495343787474499919e+00
4.495343787474499919e+00
4.495343787474499919e+00
4.495343787474499919e+00
4.495343787474499919e+00
4.495343787474499919e+00
4.496074164458732092e+00
4.495343787474499919e+00
4.495343787474499919e+00
4.495343787474499919e+00
4.495343787474499919e+00
4.496074164458731204e+00
4.495343787474499919e+00
4.495343787474499919e+00
4.495343787474499919e+00
4.495343787474499919e+00
4.494613410490267746e+00
4.493883033506035574e+00
4.495343787474499919e+00
4.495343787474499919e+00
4.494613410490268635e+00
4.494613410490268635e+00
4.494613410490267746e+00
4.494613410490267746e+00
4.494613410490267746e+00
4.494613410490267746e+00
4.490231148584880039e+00
4.488040017632187961e+00
4.476353985884491848e+00
4.458094561278715950e+00
4.415002319209086146e+00
4.335391227927901880e+00
4.192967716002847567e+00
3.957786327080452082e+00
3.589676327028005431e+00
3.095941485687819572e+00
2.469278033217585655e+00
1.719911247396537890e+00
1.683392398184984984e+00
4.553773946212979595e+00
4.554504323197211768e+00
4.553773946212979595e+00
4.553773946212979595e+00
4.553773946212979595e+00
4.554504323197211768e+00
4.553773946212979595e+00
4.555234700181443941e+00
4.553773946212979595e+00
4.554504323197211768e+00
4.553773946212979595e+00
4.554504323197211768e+00
4.553773946212979595e+00
4.553773946212979595e+00
4.553773946212979595e+00
4.553773946212979595e+00
4.553043569228750087e+00
4.553043569228750087e+00
4.553043569228750087e+00
4.553773946212979595e+00
4.555234700181443941e+00
4.553773946212979595e+00
4.550852438276059786e+00
4.553043569228750087e+00
4.553043569228750087e+00
4.553043569228750087e+00
4.552313192244520579e+00
4.550852438276059786e+00
4.547200553354902475e+00
4.539166406528361897e+00
4.521637358906818172e+00
4.485118509695263711e+00
4.412811188256392292e+00
4.285725593000189626e+00
4.070264382652034385e+00
3.729178331016137715e+00
3.260276307139805763e+00
2.657715295149194024e+00
1.927338310918154107e+00
1.071336485399372984e+00
4.614395235904160231e+00
4.615125612888390627e+00
4.615855989872620135e+00
4.615125612888389739e+00
4.615855989872620135e+00
4.615125612888389739e+00
4.615125612888390627e+00
4.615855989872620135e+00
4.615855989872620135e+00
4.615855989872620135e+00
4.615855989872622800e+00
4.614395235904160231e+00
4.615855989872620135e+00
4.615125612888389739e+00
4.613664858919930722e+00
4.614395235904160231e+00
4.614395235904160231e+00
4.613664858919930722e+00
4.612934481935700326e+00
4.613664858919930722e+00
4.615855989872620135e+00
4.614395235904160231e+00
4.613664858919930722e+00
4.612934481935700326e+00
4.615125612888390627e+00
4.612934481935700326e+00
4.612934481935700326e+00
4.612934481935700326e+00
4.609282597014543015e+00
4.601248450188000660e+00
4.587371287487612470e+00
4.555234700181446605e+00
4.493152656521806065e+00
4.377753093013299512e+00
4.182012061239383627e+00
3.865758827067339976e+00
3.422419997639097655e+00
2.843231049143882139e+00
2.134034997455537930e+00
1.279493925905216933e+00
3.875253727862348452e+00
4.674286148611109581e+00
4.673555771626877409e+00
4.673555771626877409e+00
4.674286148611109581e+00
4.674286148611109581e+00
4.674286148611109581e+00
4.674286148611109581e+00
4.673555771626877409e+00
4.674286148611109581e+00
4.674286148611109581e+00
4.673555771626877409e+00
4.674286148611109581e+00
4.674286148611109581e+00
4.672825394642645236e+00
4.672825394642645236e+00
4.673555771626877409e+00
4.672825394642645236e+00
4.671364640674181778e+00
4.673555771626877409e+00
4.672825394642645236e+00
4.674286148611109581e+00
4.672825394642645236e+00
4.672095017658413951e+00
4.671364640674181778e+00
4.671364640674181778e+00
4.671364640674181778e+00
4.670634263689949606e+00
4.668443132737253976e+00
4.663330493847636760e+00
4.649453331147249457e+00
4.622429382730699921e+00
4.566920731929140054e+00
4.463937577152565339e+00
4.287186346968653083e+00
3.998687438197393362e+00
3.575799164327615465e+00
3.026555672185874180e+00
2.334888668119075916e+00
1.500067775142992055e+00
3.146337497599765776e+00
4.732716307349590146e+00
4.733446684333820542e+00
4.732716307349590146e+00
4.733446684333820542e+00
4.732716307349590146e+00
4.733446684333820542e+00
4.733446684333820542e+00
4.734177061318050050e+00
4.734907438302279559e+00
4.734177061318050050e+00
4.733446684333820542e+00
4.733446684333820542e+00
4.734177061318050050e+00
4.732716307349590146e+00
4.731255553381126688e+00
4.732716307349590146e+00
4.733446684333820542e+00
4.731985930365358861e+00
4.732716307349590146e+00
4.732716307349590146e+00
4.734177061318050050e+00
4.733446684333820542e+00
4.732716307349590146e+00
4.733446684333820542e+00
4.733446684333820542e+00
4.731255553381126688e+00
4.730525176396893627e+00
4.729794799412661455e+00
4.723951783538815619e+00
4.711535374806888221e+00
4.688893688295729945e+00
4.639228053368015914e+00
4.549391684307598105e+00
4.387247993808306212e+00
4.125773033453594252e+00
3.724065692126519167e+00
3.201846148401321646e+00
2.537203092751073807e+00
1.719911247396536114e+00
2.440793330832577990e+00
4.794067974024998513e+00
4.794798351009229798e+00
4.794798351009229798e+00
4.794067974024998513e+00
4.794067974024997625e+00
4.794067974024998513e+00
4.794798351009229798e+00
4.794798351009229798e+00
4.794798351009229798e+00
4.794798351009229798e+00
4.794798351009229798e+00
4.794067974024998513e+00
4.795528727993459306e+00
4.794798351009229798e+00
4.794798351009229798e+00
4.794067974024997625e+00
4.793337597040766340e+00
4.794067974024998513e+00
4.791876843072301106e+00
4.794798351009229798e+00
4.794798351009229798e+00
4.794067974024997625e+00
4.793337597040766340e+00
4.793337597040766340e+00
4.794067974024998513e+00
4.792607220056533279e+00
4.793337597040766340e+00
4.790416089103841202e+00
4.786764204182687443e+00
4.775808549419221727e+00
4.756818747829212768e+00
4.713726505759582963e+00
4.632654660509937017e+00
4.486579263663728057e+00
4.247745989820177925e+00
3.873792973893882330e+00
3.373484739695619794e+00
2.736596009446148337e+00
1.940485096634314122e+00
1.754969342639627117e+00
4.852498132763480854e+00
4.851767755779249569e+00
4.853228509747710362e+00
4.853228509747710362e+00
4.853228509747710362e+00
4.852498132763480854e+00
4.852498132763480854e+00
4.853228509747710362e+00
4.853228509747710362e+00
4.853228509747710362e+00
4.852498132763480854e+00
4.853228509747710362e+00
4.853228509747710362e+00
4.852498132763480854e+00
4.851037378795020061e+00
4.853228509747710362e+00
4.851767755779250457e+00
4.852498132763480854e+00
4.851767755779249569e+00
4.852498132763480854e+00
4.853228509747710362e+00
4.853228509747710362e+00
4.851037378795020061e+00
4.851037378795020061e+00
4.853228509747710362e+00
4.851037378795020949e+00
4.850307001810790553e+00
4.849576624826560156e+00
4.845924739905401957e+00
4.837160216094628318e+00
4.820361545457311436e+00
4.781651565293069339e+00
4.710804997822656048e+00
4.580797894629530909e+00
4.361684799360220133e+00
4.014025354866241457e+00
3.542201823052992360e+00
2.928685156298914016e+00
2.158867814919391837e+00
1.090326286989379279e+00
4.913119422454654384e+00
4.915310553407350014e+00
4.915310553407350014e+00
4.913849799438885668e+00
4.915310553407350014e+00
4.913849799438885668e+00
4.914580176423117841e+00
4.915310553407350014e+00
4.914580176423117841e+00
4.914580176423117841e+00
4.914580176423117841e+00
4.914580176423117841e+00
4.915310553407350014e+00
4.913849799438885668e+00
4.913849799438885668e+00
4.914580176423117841e+00
4.913119422454654384e+00
4.913119422454654384e+00
4.912389045470422211e+00
4.913849799438885668e+00
4.913849799438885668e+00
4.914580176423117841e+00
4.913119422454654384e+00
4.912389045470422211e+00
4.913849799438885668e+00
4.911658668486190038e+00
4.911658668486190038e+00
4.911658668486190038e+00
4.908737160549269340e+00
4.900703013722727874e+00
4.885365097053876227e+00
4.853958886731942535e+00
4.788955335135377744e+00
4.672825394642641683e+00
4.473432477947566710e+00
4.153527358854374185e+00
3.702884759583819907e+00
3.117122418230521497e+00
2.375789779236011867e+00
1.313091267179846255e+00
4.114817378690124983e+00
4.974471089130061863e+00
4.973740712145829690e+00
4.973740712145829690e+00
4.974471089130060975e+00
4.973740712145829690e+00
4.974471089130061863e+00
4.975201466114294035e+00
4.975201466114294035e+00
4.975201466114294035e+00
4.975201466114294035e+00
4.975931843098526208e+00
4.974471089130061863e+00
4.973740712145829690e+00
4.973740712145829690e+00
4.973740712145829690e+00
4.973740712145829690e+00
4.973740712145829690e+00
4.973010335161600182e+00
4.974471089130060975e+00
4.973740712145829690e+00
4.975201466114294035e+00
4.973740712145829690e+00
4.973740712145829690e+00
4.973740712145829690e+00
4.973740712145829690e+00
4.973010335161599293e+00
4.973010335161600182e+00
4.970088827224677708e+00
4.963515434366597034e+00
4.948907894681980224e+00
4.921883946265428911e+00
4.864184164511177855e+00
4.761201009734600476e+00
4.580797894629530020e+00
4.289377477921346049e+00
3.860646188177723648e+00
3.303368549209440008e+00
2.588329481647245522e+00
1.540968886259931780e+00
3.332583628578681179e+00
5.032170870884320024e+00
5.032170870884320024e+00
5.032901247868549532e+00
5.034362001837010325e+00
5.032170870884320024e+00
5.034362001837009437e+00
5.034362001837010325e+00
5.032901247868549532e+00
5.033631624852779929e+00
5.035092378821239834e+00
5.033631624852779929e+00
5.033631624852779041e+00
5.034362001837010325e+00
5.032170870884320024e+00
5.032170870884320024e+00
5.032901247868549532e+00
5.032170870884320024e+00
5.032170870884320024e+00
5.032170870884320024e+00
5.032170870884320024e+00
5.032901247868549532e+00
5.031440493900087851e+00
5.032170870884320024e+00
5.032901247868549532e+00
5.032901247868549532e+00
5.032170870884320024e+00
5.032170870884320024e+00
5.029249362947392221e+00
5.023406347073548162e+00
5.010989938341616323e+00
4.988348251830451829e+00
4.937221862934281447e+00
4.845194362921170672e+00
4.682320295437646607e+00
4.417923827146007731e+00
4.009643092960858191e+00
3.480850156377582216e+00
2.796486922153094135e+00
1.774689521213866028e+00
2.564957418151856849e+00
5.093522537559726615e+00
5.094252914543959676e+00
5.094252914543959676e+00
5.094252914543959676e+00
5.094252914543959676e+00
5.092792160575496219e+00
5.094252914543959676e+00
5.094252914543959676e+00
5.094252914543959676e+00
5.094252914543959676e+00
5.094252914543959676e+00
5.093522537559726615e+00
5.094983291528189184e+00
5.094252914543959676e+00
5.092792160575496219e+00
5.094252914543959676e+00
5.092792160575496219e+00
5.092792160575496219e+00
5.093522537559726615e+00
5.093522537559726615e+00
5.094252914543959676e+00
5.093522537559727503e+00
5.093522537559726615e+00
5.093522537559726615e+00
5.093522537559726615e+00
5.092792160575496219e+00
5.092061783591264046e+00
5.089870652638568416e+00
5.085488390733179820e+00
5.075263112953945388e+00
5.055542934379710474e+00
5.010259561357385927e+00
4.928457339123507808e+00
4.780921188308838055e+00
4.537705652559899328e+00
4.158639997743989625e+00
3.652488747671875924e+00
3.003183608690477957e+00
2.003297517278181950e+00
1.822894402173115269e+00
5.152683073282440240e+00
5.152683073282440240e+00
5.152683073282440240e+00
5.152683073282440240e+00
5.153413450266669749e+00
5.152683073282440240e+00
5.152683073282440240e+00
5.152683073282440240e+00
5.152683073282440240e+00
5.153413450266670637e+00
5.152683073282440240e+00
5.152683073282440240e+00
5.153413450266670637e+00
5.153413450266669749e+00
5.151222319313975895e+00
5.152683073282440240e+00
5.152683073282438464e+00
5.151952696298208068e+00
5.152683073282440240e+00
5.151952696298208068e+00
5.152683073282440240e+00
5.152683073282440240e+00
5.151952696298208068e+00
5.151952696298208068e+00
5.151952696298208068e+00
5.151222319313975895e+00
5.151222319313975895e+00
5.150491942329744610e+00
5.145379303440129171e+00
5.137345156613585928e+00
5.119816108992042203e+00
5.081836505812027838e+00
5.007338053420458124e+00
4.875139819274644459e+00
4.653105216068405880e+00
4.303254640621733351e+00
3.820475454045015429e+00
3.198924640464400060e+00
2.236287775247883580e+00
1.101281941752844107e+00
5.211113232020919916e+00
5.212573985989384262e+00
5.211843609005152089e+00
5.212573985989384262e+00
5.212573985989384262e+00
5.211843609005152089e+00
5.211843609005152089e+00
5.214034739957847719e+00
5.212573985989384262e+00
5.212573985989384262e+00
5.211843609005152089e+00
5.211843609005152089e+00
5.212573985989384262e+00
5.212573985989384262e+00
5.211113232020919916e+00
5.213304362973615547e+00
5.211113232020919916e+00
5.211113232020919916e+00
5.211113232020919916e+00
5.211113232020919916e+00
5.211843609005152089e+00
5.212573985989384262e+00
5.211113232020919916e+00
5.211113232020919916e+00
5.211113232020919916e+00
5.211113232020919916e+00
5.211113232020919916e+00
5.210382855036689520e+00
5.206000593131305365e+00
5.197966446304764787e+00
5.184089283604375709e+00
5.149761565345514214e+00
5.084027636764721692e+00
4.966436942303523949e+00
4.763392140687293441e+00
4.438374382704479260e+00
3.984810275497004284e+00
3.387361902396005320e+00
2.465626148296434117e+00
1.322586167974850069e+00
4.355111406502141236e+00
5.274656029649023914e+00
5.274656029649023914e+00
5.273195275680559568e+00
5.274656029649023914e+00
5.274656029649023914e+00
5.273925652664791741e+00
5.274656029649023914e+00
5.273925652664791741e+00
5.274656029649023914e+00
5.275386406633256087e+00
5.275386406633255199e+00
5.276116783617487371e+00
5.274656029649023914e+00
5.273195275680559568e+00
5.273925652664791741e+00
5.273925652664791741e+00
5.273195275680559568e+00
5.272464898696330060e+00
5.273195275680559568e+00
5.273925652664791741e+00
5.274656029649024802e+00
5.273195275680559568e+00
5.273925652664791741e+00
5.273195275680559568e+00
5.273195275680559568e+00
5.273925652664791741e+00
5.273195275680559568e+00
5.269543390759409363e+00
5.263700374885554645e+00
5.250553589169397739e+00
5.221338509800157901e+00
5.162908351061673784e+00
5.057003688348172155e+00
4.872218311337715768e+00
4.576415632724147642e+00
4.144032458059370150e+00
3.577990295280309763e+00
2.691312636423825566e+00
1.548272656102241962e+00
3.510795612731052895e+00
5.331625434419040133e+00
5.331625434419040133e+00
5.331625434419040133e+00
5.332355811403272305e+00
5.331625434419040133e+00
5.330895057434810624e+00
5.331625434419040133e+00
5.331625434419040133e+00
5.331625434419040133e+00
5.332355811403272305e+00
5.332355811403272305e+00
5.331625434419040133e+00
5.332355811403272305e+00
5.331625434419040133e+00
5.330164680450579340e+00
5.331625434419040133e+00
5.331625434419040133e+00
5.330895057434810624e+00
5.330895057434810624e+00
5.331625434419040133e+00
5.332355811403272305e+00
5.330895057434810624e+00
5.330164680450580228e+00
5.331625434419040133e+00
5.330164680450580228e+00
5.330895057434810624e+00
5.328703926482120323e+00
5.327243172513657754e+00
5.322130533624037874e+00
5.310444501876343537e+00
5.286342061396719139e+00
5.234485295516315695e+00
5.139536287566279782e+00
4.973010335161603734e+00
4.705692358933037056e+00
4.292298985858270299e+00
3.755471902448451971e+00
2.911886485661598023e+00
1.780532537087713862e+00
2.684008866581515385e+00
5.392246724110219880e+00
5.393707478078679785e+00
5.392977101094450276e+00
5.392977101094450276e+00
5.392977101094449388e+00
5.392246724110219880e+00
5.392977101094450276e+00
5.392977101094449388e+00
5.393707478078679785e+00
5.392977101094450276e+00
5.393707478078679785e+00
5.392977101094450276e+00
5.393707478078679785e+00
5.390785970141759975e+00
5.390785970141759975e+00
5.392977101094449388e+00
5.391516347125990372e+00
5.391516347125989483e+00
5.390785970141759975e+00
5.392977101094450276e+00
5.392977101094450276e+00
5.392246724110219880e+00
5.390055593157529579e+00
5.390055593157529579e+00
5.392246724110219880e+00
5.390055593157529579e+00
5.390055593157529579e+00
5.388594839189065233e+00
5.384212577283680190e+00
5.373987299504443982e+00
5.352806366961744722e+00
5.306792616955187114e+00
5.224260017737078599e+00
5.073802358985483707e+00
4.825474184346932205e+00
4.442756644609865191e+00
3.931492755648135606e+00
3.133190711883603985e+00
2.009140533152031782e+00
1.882054937895829783e+00
5.452137636817169231e+00
5.452137636817169231e+00
5.452137636817169231e+00
5.452137636817169231e+00
5.452137636817169231e+00
5.452137636817169231e+00
5.452137636817169231e+00
5.452137636817169231e+00
5.452868013801399627e+00
5.453598390785630023e+00
5.451407259832937058e+00
5.452868013801399627e+00
5.452137636817169231e+00
5.452137636817169231e+00
5.451407259832937058e+00
5.452137636817169231e+00
5.451407259832937058e+00
5.450676882848705773e+00
5.452137636817169231e+00
5.452137636817169231e+00
5.452868013801399627e+00
5.452868013801399627e+00
5.451407259832937946e+00
5.451407259832937946e+00
5.451407259832937946e+00
5.451407259832937058e+00
5.452137636817169231e+00
5.449946505864472712e+00
5.444833866974858161e+00
5.436069343164086298e+00
5.417809918558306848e+00
5.377639184425602181e+00
5.302410355049801183e+00
5.168020989951289224e+00
4.943795255792361232e+00
4.586640910503379409e+00
4.101670592973968965e+00
3.338426644452525238e+00
2.240670037153269512e+00
1.098360433815922299e+00
5.513489303492569604e+00
5.512758926508339208e+00
5.513489303492569604e+00
5.514219680476800001e+00
5.514219680476800001e+00
5.512758926508340096e+00
5.513489303492569604e+00
5.512758926508339208e+00
5.512758926508340096e+00
5.514219680476800001e+00
5.513489303492569604e+00
5.513489303492569604e+00
5.514219680476800001e+00
5.513489303492569604e+00
5.510567795555649795e+00
5.512028549524108811e+00
5.511298172539879303e+00
5.511298172539879303e+00
5.511298172539881080e+00
5.512028549524108811e+00
5.512758926508340096e+00
5.514219680476800001e+00
5.510567795555649795e+00
5.511298172539881080e+00
5.512758926508340096e+00
5.511298172539881080e+00
5.509837418571417622e+00
5.509837418571417622e+00
5.506915910634489819e+00
5.498151386823719733e+00
5.483543847139102922e+00
5.448485751896011919e+00
5.382021446330984560e+00
5.262239620917094740e+00
5.057734065332401663e+00
4.726873291475738093e+00
4.266005414425952047e+00
3.538549938131834161e+00
2.467817279249123974e+00
1.320395037022159324e+00
6.791240448673049324e-01
