-0.01178552501502414,-0.0002543956267526295,0,0,3
-0.008093678655349289,0.0002237578957193494,0,0.05,3
-0.008093678655349289,0.0007019114181913283,0,0.1,3
-0.008093678655349289,0.001180064940663307,0,0.15,3
-0.004401832295674434,0.001658218463135286,0,0.2,3
-0.0007099859359995797,0.002136371985607265,0,0.25,3
-0.0007099859359995797,0.002614525508079244,0,0.3,3
0.002981860423675275,0.003055897990361071,0,0.35,3
0.002981860423675275,0.003534051512833049,0,0.4,3
0.00667370678335013,0.004012205035305028,0,0.45,3
0.01036555314302499,0.004490358557777008,0,0.5,3
0.01405739950269984,0.004968512080248986,0,0.55,3
0.0177492458623747,0.005483446642911117,0,0.6,3
0.0177492458623747,0.005961600165383096,0,0.65,3
0.02144109222204955,0.006402972647664923,0,0.7,3
0.02144109222204955,0.006881126170136902,0,0.75,3
0.02513293858172441,0.007359279692608881,0,0.8,3
0.02882478494139926,0.007837433215080861,0,0.85,3
0.02882478494139926,0.008315586737552838,0,0.9,3
0.03251663130107411,0.008793740260024819,0,0.95,3
0.03251663130107411,0.009235112742306643,0,1,3
0.03620847766074897,0.009713266264778624,0,1.05,3
0.03990032402042382,0.01022820082744075,0,1.1,3
0.04359217038009868,0.01066957330972258,0,1.15,3
0.04728401673977353,0.01118450787238471,0,1.2,3
0.05097586309944839,0.01166266139485669,0,1.25,3
0.05466770945912324,0.01214081491732867,0,1.3,3
0.0583595558187981,0.0125821873996105,0,1.35,3
0.0583595558187981,0.01302355988189232,0,1.4,3
0.06205140217847295,0.0135017134043643,0,1.45,3
0.06574324853814781,0.01394308588664613,0,1.5,3
0.06574324853814781,0.01442123940911811,0,1.55,3
0.06943509489782267,0.01489939293159009,0,1.6,3
0.07312694125749752,0.01541432749425222,0,1.65,3
0.07681878761717237,0.01585569997653405,0,1.7,3
0.08051063397684723,0.01633385349900602,0,1.75,3
0.08420248033652208,0.01677522598128785,0,1.8,3
0.08789432669619694,0.01721659846356968,0,1.85,3
0.0915861730558718,0.01769475198604166,0,1.9,3
0.09527801941554664,0.01813612446832348,0,1.95,3
0.0989698657752215,0.01865105903098561,0,2,3
0.1026617121348964,0.01909243151326744,0,2.05,3
0.1063535584945712,0.01957058503573942,0,2.1,3
0.1100454048542461,0.02001195751802125,0,2.15,3
0.1137372512139209,0.02045333000030307,0,2.2,3
0.1174290975735958,0.02093148352277505,0,2.25,3
0.1248127902929455,0.02137285600505688,0,2.3,3
0.1321964830122952,0.02181422848733871,0,2.35,3
0.13588832937197,0.02225560096962053,0,2.4,3
0.1395801757316449,0.02269697345190236,0,2.45,3
0.1432720220913198,0.02317512697437434,0,2.5,3
0.1506557148106695,0.02357971841646601,0,2.55,3
0.1580394075300192,0.02405787193893799,0,2.6,3
0.1654231002493689,0.02446246338102967,0,2.65,3
0.1728067929687186,0.02490383586331149,0,2.7,3
0.1764986393283935,0.02534520834559332,0,2.75,3
0.1838823320477432,0.02574979978768499,0,2.8,3
0.1912660247670929,0.02615439122977667,0,2.85,3
0.1949578711267677,0.02659576371205849,0,2.9,3
0.2023415638461174,0.02703713619434032,0,2.95,3
0.213417102925142,0.02747850867662215,0,3,3
0.2208007956444917,0.02791988115890397,0,3.05,3
0.2281844883638414,0.02832447260099565,0,3.1,3
0.239260027442866,0.02872906404308732,0,3.15,3
0.2503355665218905,0.02909687444498885,0,3.2,3
0.2614111056009151,0.02950146588708052,0,3.25,3
0.2724866446799397,0.02986927628898204,0,3.3,3
0.2835621837589642,0.03031064877126387,0,3.35,3
0.2946377228379888,0.03067845917316539,0,3.4,3
0.3057132619170134,0.03100948853487676,0,3.45,3
0.3241724937153876,0.03137729893677828,0,3.5,3
0.3352480327944122,0.03170832829848965,0,3.55,3
0.3537072645927865,0.03203935766020102,0,3.6,3
0.3721664963911608,0.03233360598172224,0,3.65,3
0.3906257281895351,0.03262785430324346,0,3.7,3
0.4127768063475842,0.03292210262476467,0,3.75,3
0.4349278845056333,0.03325313198647604,0,3.8,3
0.4570789626636824,0.03354738030799726,0,3.85,3
0.4792300408217315,0.03376806654913817,0,3.9,3
0.5013811189797807,0.0340623148706594,0,3.95,3
0.5309158898571795,0.03428300111180031,0,4,3
0.5567588143749035,0.03454046839313137,0,4.05,3
0.5862935852523024,0.03472437359408213,0,4.1,3
0.6084446634103515,0.0349818408754132,0,4.15,3
0.6416712806474252,0.03520252711655411,0,4.2,3
0.671206051524824,0.03542321335769503,0,4.25,3
0.7044326687618977,0.03560711855864579,0,4.3,3
0.7302755932796217,0.03575424271940639,0,4.35,3
0.7598103641570205,0.03593814792035716,0,4.4,3
0.7930369813940942,0.03608527208111777,0,4.45,3
0.822571752271493,0.03630595832225868,0,4.5,3
0.8557983695085668,0.03648986352320944,0,4.55,3
0.8890249867456405,0.03663698768397005,0,4.6,3
0.9296352967020639,0.03678411184473065,0,4.65,3
0.9628619139391376,0.03693123600549127,0,4.7,3
0.999780377535886,0.03707836016625188,0,4.75,3
1.03300699477296,0.03722548432701248,0,4.8,3
1.066233612010034,0.03737260848777309,0,4.85,3
1.103152075606782,0.0375197326485337,0,4.9,3
1.140070539203531,0.03766685680929431,0,4.95,3
1.176989002800279,0.03781398097005492,0,5,3
1.213907466397028,0.03796110513081553,0,5.05,3
1.254517776353451,0.03807144825138598,0,5.1,3
1.287744393590525,0.03818179137195644,0,5.15,3
1.320971010827598,0.03832891553271705,0,5.2,3
1.361581320784022,0.0384392586532875,0,5.25,3
1.39849978438077,0.03854960177385797,0,5.3,3
1.435418247977519,0.03869672593461857,0,5.35,3
1.476028557933942,0.03880706905518903,0,5.4,3
1.512947021530691,0.03891741217575949,0,5.45,3
1.557249177846789,0.03899097425613979,0,5.5,3
1.594167641443538,0.03910131737671025,0,5.55,3
1.638469797759636,0.03921166049728071,0,5.6,3
1.67169641499671,0.03935878465804131,0,5.65,3
1.712306724953133,0.03946912777861177,0,5.7,3
1.749225188549882,0.03957947089918223,0,5.75,3
1.78614365214663,0.03968981401975268,0,5.8,3
1.826753962103054,0.03980015714032314,0,5.85,3
1.867364272059477,0.03991050026089359,0,5.9,3
1.9079745820159,0.04002084338146406,0,5.95,3
1.952276738331999,0.04009440546184435,0,6,3
1.989195201928747,0.04020474858241482,0,6.05,3
2.029805511885171,0.04031509170298527,0,6.1,3
2.070415821841594,0.04035187274317542,0,6.15,3
2.114717978157692,0.04042543482355573,0,6.2,3
2.151636441754441,0.04053577794412618,0,6.25,3
2.188554905351189,0.04060934002450649,0,6.3,3
2.232857061667288,0.04071968314507694,0,6.35,3
2.266083678904361,0.04086680730583755,0,6.4,3
2.31038583522046,0.04094036938621786,0,6.45,3
2.350996145176883,0.04108749354697847,0,6.5,3
2.395298301492981,0.04112427458716862,0,6.55,3
2.435908611449405,0.04119783666754893,0,6.6,3
2.476518921405828,0.04127139874792923,0,6.65,3
2.520821077721926,0.04130817978811938,0,6.7,3
2.56143138767835,0.04141852290868984,0,6.75,3
2.598349851275098,0.04156564706945045,0,6.8,3
2.638960161231522,0.0416759901900209,0,6.85,3
2.679570471187945,0.04171277123021105,0,6.9,3
2.720180781144368,0.04182311435078151,0,6.95,3
2.760791091100792,0.04193345747135197,0,7,3
2.801401401057215,0.04200701955173227,0,7.05,3
2.849395403732988,0.04204380059192243,0,7.1,3
2.886313867329737,0.04215414371249288,0,7.15,3
2.92692417728616,0.04226448683306334,0,7.2,3
2.971226333602259,0.04233804891344364,0,7.25,3
3.015528489918357,0.04241161099382395,0,7.3,3
3.059830646234455,0.04248517307420425,0,7.35,3
3.100440956190879,0.04255873515458455,0,7.4,3
3.133667573427952,0.04266907827515502,0,7.45,3
3.174277883384375,0.04270585931534517,0,7.5,3
3.222271886060149,0.04277942139572547,0,7.55,3
3.255498503297222,0.04288976451629593,0,7.6,3
3.30718435233267,0.04296332659667623,0,7.65,3
3.344102815929419,0.04311045075743684,0,7.7,3
3.388404972245517,0.04318401283781714,0,7.75,3
3.429015282201941,0.0432207938780073,0,7.8,3
3.44378266764064,0.0432207938780073,0,7.85,3
3.440090821280965,0.04325757491819745,0,7.9,3
3.43639897492129,0.04325757491819745,0,7.95,3
3.43639897492129,0.04325757491819745,0,8,3
3.440090821280965,0.04325757491819745,0,8.050000000000001,3
3.440090821280965,0.04325757491819745,0,8.1,3
3.440090821280965,0.04325757491819745,0,8.15,3
3.432707128561615,0.0432943559583876,0,8.199999999999999,3
3.43639897492129,0.0432943559583876,0,8.25,3
3.440090821280965,0.04325757491819745,0,8.300000000000001,3
3.43639897492129,0.04325757491819745,0,8.35,3
3.440090821280965,0.04325757491819745,0,8.4,3
3.43639897492129,0.04325757491819745,0,8.449999999999999,3
3.432707128561615,0.0432943559583876,0,8.5,3
3.429015282201941,0.0432943559583876,0,8.550000000000001,3
3.432707128561615,0.0432943559583876,0,8.6,3
3.43639897492129,0.0432943559583876,0,8.65,3
3.425323435842266,0.04333113699857775,0,8.699999999999999,3
3.432707128561615,0.0432943559583876,0,8.75,3
3.432707128561615,0.0432943559583876,0,8.800000000000001,3
3.429015282201941,0.0432943559583876,0,8.85,3
3.432707128561615,0.0432943559583876,0,8.9,3
3.43639897492129,0.0432943559583876,0,8.949999999999999,3
3.43639897492129,0.0432943559583876,0,9,3
3.432707128561615,0.0432943559583876,0,9.050000000000001,3
3.440090821280965,0.04325757491819745,0,9.1,3
3.425323435842266,0.04333113699857775,0,9.15,3
3.43639897492129,0.0432943559583876,0,9.199999999999999,3
3.44378266764064,0.04325757491819745,0,9.25,3
3.43639897492129,0.0432943559583876,0,9.300000000000001,3
3.440090821280965,0.0432943559583876,0,9.35,3
3.432707128561615,0.0432943559583876,0,9.4,3
3.43639897492129,0.0432943559583876,0,9.449999999999999,3
3.43639897492129,0.0432943559583876,0,9.5,3
3.43639897492129,0.0432943559583876,0,9.550000000000001,3
3.429015282201941,0.04333113699857775,0,9.6,3
3.440090821280965,0.0432943559583876,0,9.65,3
3.43639897492129,0.0432943559583876,0,9.699999999999999,3
3.432707128561615,0.0432943559583876,0,9.75,3
3.43639897492129,0.0432943559583876,0,9.800000000000001,3
3.429015282201941,0.04333113699857775,0,9.85,3
3.425323435842266,0.04333113699857775,0,9.9,3
3.425323435842266,0.04333113699857775,0,9.949999999999999,3
3.429015282201941,0.04333113699857775,0,10,3
